iTx 	 iRx    ichrec  ifreq 	 emf_real 	 emf_imag
1 	 1 	 1 	 1 	 -2.361689e-15 	 -2.412672e-15
1 	 2 	 1 	 1 	 -2.670644e-15 	 -3.161497e-15
1 	 3 	 1 	 1 	 -3.219462e-15 	 -4.010754e-15
1 	 4 	 1 	 1 	 -4.054948e-15 	 -4.924618e-15
1 	 5 	 1 	 1 	 -5.335265e-15 	 -5.902730e-15
1 	 6 	 1 	 1 	 -7.102338e-15 	 -6.768548e-15
1 	 7 	 1 	 1 	 -9.515246e-15 	 -7.370374e-15
1 	 8 	 1 	 1 	 -1.262705e-14 	 -7.509530e-15
1 	 9 	 1 	 1 	 -1.666281e-14 	 -7.023470e-15
1 	 10 	 1 	 1 	 -2.157854e-14 	 -5.116492e-15
1 	 11 	 1 	 1 	 -2.717489e-14 	 -1.649574e-15
1 	 12 	 1 	 1 	 -3.338988e-14 	 4.097407e-15
1 	 13 	 1 	 1 	 -4.015721e-14 	 1.280441e-14
1 	 14 	 1 	 1 	 -4.794956e-14 	 2.544345e-14
1 	 15 	 1 	 1 	 -5.561312e-14 	 4.384597e-14
1 	 16 	 1 	 1 	 -6.267555e-14 	 6.667499e-14
1 	 17 	 1 	 1 	 -6.946882e-14 	 9.494355e-14
1 	 18 	 1 	 1 	 -7.624520e-14 	 1.255446e-13
1 	 19 	 1 	 1 	 -8.249010e-14 	 1.539871e-13
1 	 20 	 1 	 1 	 -8.960834e-14 	 1.800335e-13
1 	 21 	 1 	 1 	 -9.849147e-14 	 2.050340e-13
1 	 22 	 1 	 1 	 -1.095149e-13 	 2.312087e-13
1 	 23 	 1 	 1 	 -1.227523e-13 	 2.602226e-13
1 	 24 	 1 	 1 	 -1.396800e-13 	 2.952528e-13
1 	 25 	 1 	 1 	 -1.630824e-13 	 3.437201e-13
1 	 26 	 1 	 1 	 -1.926788e-13 	 4.049332e-13
1 	 27 	 1 	 1 	 -2.313377e-13 	 4.962985e-13
1 	 28 	 1 	 1 	 -2.810509e-13 	 6.252218e-13
1 	 29 	 1 	 1 	 -3.356117e-13 	 8.300762e-13
1 	 30 	 1 	 1 	 -3.833200e-13 	 1.159863e-12
1 	 31 	 1 	 1 	 -4.001541e-13 	 1.673289e-12
1 	 32 	 1 	 1 	 -2.859961e-13 	 2.594664e-12
1 	 33 	 1 	 1 	 1.721055e-13 	 4.184903e-12
1 	 34 	 1 	 1 	 1.643977e-12 	 7.095739e-12
1 	 35 	 1 	 1 	 5.878701e-12 	 1.263970e-11
1 	 36 	 1 	 1 	 1.645716e-11 	 2.266432e-11
1 	 37 	 1 	 1 	 5.072197e-11 	 4.380154e-11
1 	 38 	 1 	 1 	 1.467899e-10 	 8.371766e-11
1 	 39 	 1 	 1 	 4.405976e-10 	 1.623806e-10
1 	 40 	 1 	 1 	 6.452907e-10 	 2.737345e-10
1 	 41 	 1 	 1 	 -4.784442e-09 	 2.033470e-10
1 	 42 	 1 	 1 	 4.008722e-10 	 2.340416e-10
1 	 43 	 1 	 1 	 3.081066e-10 	 1.378631e-10
1 	 44 	 1 	 1 	 1.113427e-10 	 7.275061e-11
1 	 45 	 1 	 1 	 3.962906e-11 	 3.852902e-11
1 	 46 	 1 	 1 	 1.312290e-11 	 2.022109e-11
1 	 47 	 1 	 1 	 4.780050e-12 	 1.133811e-11
1 	 48 	 1 	 1 	 1.399327e-12 	 6.377293e-12
1 	 49 	 1 	 1 	 2.747231e-13 	 3.777953e-12
1 	 50 	 1 	 1 	 -5.025715e-14 	 2.379440e-12
1 	 51 	 1 	 1 	 -1.353876e-13 	 1.574873e-12
1 	 52 	 1 	 1 	 -1.362950e-13 	 1.130401e-12
1 	 53 	 1 	 1 	 -1.228215e-13 	 8.456265e-13
1 	 54 	 1 	 1 	 -1.100542e-13 	 6.627619e-13
1 	 55 	 1 	 1 	 -1.007789e-13 	 5.407479e-13
1 	 56 	 1 	 1 	 -9.732005e-14 	 4.504015e-13
1 	 57 	 1 	 1 	 -9.703590e-14 	 3.823667e-13
1 	 58 	 1 	 1 	 -9.753433e-14 	 3.265139e-13
1 	 59 	 1 	 1 	 -9.880624e-14 	 2.818602e-13
1 	 60 	 1 	 1 	 -9.926358e-14 	 2.432975e-13
1 	 61 	 1 	 1 	 -9.830242e-14 	 2.085983e-13
1 	 62 	 1 	 1 	 -9.634650e-14 	 1.763024e-13
1 	 63 	 1 	 1 	 -9.305425e-14 	 1.447986e-13
1 	 64 	 1 	 1 	 -8.812859e-14 	 1.132572e-13
1 	 65 	 1 	 1 	 -8.091746e-14 	 8.298670e-14
1 	 66 	 1 	 1 	 -7.271496e-14 	 5.691210e-14
1 	 67 	 1 	 1 	 -6.340960e-14 	 3.609957e-14
1 	 68 	 1 	 1 	 -5.403022e-14 	 2.020016e-14
1 	 69 	 1 	 1 	 -4.459031e-14 	 9.320557e-15
1 	 70 	 1 	 1 	 -3.636329e-14 	 2.082800e-15
1 	 71 	 1 	 1 	 -2.926044e-14 	 -2.424601e-15
1 	 72 	 1 	 1 	 -2.315684e-14 	 -4.953225e-15
1 	 73 	 1 	 1 	 -1.791036e-14 	 -6.174581e-15
1 	 74 	 1 	 1 	 -1.377306e-14 	 -6.312529e-15
1 	 75 	 1 	 1 	 -1.061188e-14 	 -6.073103e-15
1 	 76 	 1 	 1 	 -8.106604e-15 	 -5.501858e-15
1 	 77 	 1 	 1 	 -6.249354e-15 	 -4.838301e-15
1 	 78 	 1 	 1 	 -4.808257e-15 	 -4.085294e-15
1 	 79 	 1 	 1 	 -3.787053e-15 	 -3.442505e-15
1 	 80 	 1 	 1 	 -3.016270e-15 	 -2.859730e-15
1 	 81 	 1 	 1 	 -2.469341e-15 	 -2.337562e-15
1 	 1 	 1 	 2 	 2.186522e-16 	 -1.276120e-16
1 	 2 	 1 	 2 	 2.144324e-16 	 -1.006636e-16
1 	 3 	 1 	 2 	 2.144395e-16 	 -5.724757e-17
1 	 4 	 1 	 2 	 2.267015e-16 	 5.352131e-18
1 	 5 	 1 	 2 	 2.713428e-16 	 9.296769e-17
1 	 6 	 1 	 2 	 3.686999e-16 	 1.931048e-16
1 	 7 	 1 	 2 	 5.546146e-16 	 2.856154e-16
1 	 8 	 1 	 2 	 8.569009e-16 	 3.197437e-16
1 	 9 	 1 	 2 	 1.300446e-15 	 2.331716e-16
1 	 10 	 1 	 2 	 1.882405e-15 	 -1.637941e-16
1 	 11 	 1 	 2 	 2.497085e-15 	 -9.687318e-16
1 	 12 	 1 	 2 	 2.959148e-15 	 -2.405218e-15
1 	 13 	 1 	 2 	 2.977686e-15 	 -4.640506e-15
1 	 14 	 1 	 2 	 2.232146e-15 	 -7.839901e-15
1 	 15 	 1 	 2 	 -1.749741e-16 	 -1.216671e-14
1 	 16 	 1 	 2 	 -4.222663e-15 	 -1.710996e-14
1 	 17 	 1 	 2 	 -1.023077e-14 	 -2.266363e-14
1 	 18 	 1 	 2 	 -1.720590e-14 	 -2.841774e-14
1 	 19 	 1 	 2 	 -2.381541e-14 	 -3.393763e-14
1 	 20 	 1 	 2 	 -2.970054e-14 	 -3.948814e-14
1 	 21 	 1 	 2 	 -3.505077e-14 	 -4.536051e-14
1 	 22 	 1 	 2 	 -4.097552e-14 	 -5.198572e-14
1 	 23 	 1 	 2 	 -4.837618e-14 	 -5.986403e-14
1 	 24 	 1 	 2 	 -5.859859e-14 	 -6.987747e-14
1 	 25 	 1 	 2 	 -7.488207e-14 	 -8.359111e-14
1 	 26 	 1 	 2 	 -9.917108e-14 	 -9.995950e-14
1 	 27 	 1 	 2 	 -1.405534e-13 	 -1.189138e-13
1 	 28 	 1 	 2 	 -2.038167e-13 	 -1.345399e-13
1 	 29 	 1 	 2 	 -3.053607e-13 	 -1.372194e-13
1 	 30 	 1 	 2 	 -4.613848e-13 	 -9.591991e-14
1 	 31 	 1 	 2 	 -6.735518e-13 	 2.344544e-14
1 	 32 	 1 	 2 	 -9.651755e-13 	 3.184040e-13
1 	 33 	 1 	 2 	 -1.354990e-12 	 9.177104e-13
1 	 34 	 1 	 2 	 -1.884861e-12 	 2.265505e-12
1 	 35 	 1 	 2 	 -2.436846e-12 	 5.555690e-12
1 	 36 	 1 	 2 	 -2.251178e-12 	 1.336141e-11
1 	 37 	 1 	 2 	 6.596129e-12 	 3.781794e-11
1 	 38 	 1 	 2 	 5.313818e-11 	 1.006107e-10
1 	 39 	 1 	 2 	 2.573847e-10 	 2.615934e-10
1 	 40 	 1 	 2 	 3.446338e-10 	 5.227666e-10
1 	 41 	 1 	 2 	 -5.131080e-09 	 2.793643e-10
1 	 42 	 1 	 2 	 1.298739e-10 	 4.161827e-10
1 	 43 	 1 	 2 	 1.493158e-10 	 2.024883e-10
1 	 44 	 1 	 2 	 3.136901e-11 	 7.891019e-11
1 	 45 	 1 	 2 	 2.476141e-12 	 2.981802e-11
1 	 46 	 1 	 2 	 -2.594722e-12 	 1.077641e-11
1 	 47 	 1 	 2 	 -2.310857e-12 	 4.681056e-12
1 	 48 	 1 	 2 	 -1.766677e-12 	 2.026818e-12
1 	 49 	 1 	 2 	 -1.305932e-12 	 9.250045e-13
1 	 50 	 1 	 2 	 -9.790748e-13 	 4.082606e-13
1 	 51 	 1 	 2 	 -7.216978e-13 	 1.262945e-13
1 	 52 	 1 	 2 	 -5.235736e-13 	 -5.076624e-15
1 	 53 	 1 	 2 	 -3.713547e-13 	 -6.571248e-14
1 	 54 	 1 	 2 	 -2.645505e-13 	 -8.303679e-14
1 	 55 	 1 	 2 	 -1.917126e-13 	 -8.403083e-14
1 	 56 	 1 	 2 	 -1.402441e-13 	 -7.840878e-14
1 	 57 	 1 	 2 	 -1.051672e-13 	 -7.122570e-14
1 	 58 	 1 	 2 	 -7.944117e-14 	 -6.397997e-14
1 	 59 	 1 	 2 	 -6.082818e-14 	 -5.770071e-14
1 	 60 	 1 	 2 	 -4.655948e-14 	 -5.179030e-14
1 	 61 	 1 	 2 	 -3.527853e-14 	 -4.599039e-14
1 	 62 	 1 	 2 	 -2.594057e-14 	 -4.020925e-14
1 	 63 	 1 	 2 	 -1.771263e-14 	 -3.426915e-14
1 	 64 	 1 	 2 	 -1.030987e-14 	 -2.811452e-14
1 	 65 	 1 	 2 	 -4.157559e-15 	 -2.185744e-14
1 	 66 	 1 	 2 	 2.517824e-16 	 -1.606153e-14
1 	 67 	 1 	 2 	 2.754323e-15 	 -1.106236e-14
1 	 68 	 1 	 2 	 3.838789e-15 	 -7.030753e-15
1 	 69 	 1 	 2 	 3.775360e-15 	 -4.161256e-15
1 	 70 	 1 	 2 	 3.255902e-15 	 -2.243628e-15
1 	 71 	 1 	 2 	 2.559932e-15 	 -1.077424e-15
1 	 72 	 1 	 2 	 1.874582e-15 	 -4.480258e-16
1 	 73 	 1 	 2 	 1.291832e-15 	 -1.403480e-16
1 	 74 	 1 	 2 	 8.813115e-16 	 -6.067306e-17
1 	 75 	 1 	 2 	 6.062185e-16 	 -5.586296e-17
1 	 76 	 1 	 2 	 4.321172e-16 	 -8.925322e-17
1 	 77 	 1 	 2 	 3.339526e-16 	 -1.205088e-16
1 	 78 	 1 	 2 	 2.779492e-16 	 -1.432725e-16
1 	 79 	 1 	 2 	 2.497658e-16 	 -1.480005e-16
1 	 80 	 1 	 2 	 2.321264e-16 	 -1.415990e-16
1 	 81 	 1 	 2 	 2.196615e-16 	 -1.267796e-16
1 	 1 	 1 	 3 	 2.027691e-17 	 4.783241e-17
1 	 2 	 1 	 3 	 1.834048e-17 	 4.775787e-17
1 	 3 	 1 	 3 	 1.544066e-17 	 4.621964e-17
1 	 4 	 1 	 3 	 1.031949e-17 	 4.327782e-17
1 	 5 	 1 	 3 	 -2.198154e-20 	 3.999330e-17
1 	 6 	 1 	 3 	 -1.726407e-17 	 4.019944e-17
1 	 7 	 1 	 3 	 -4.359620e-17 	 5.180362e-17
1 	 8 	 1 	 3 	 -7.437495e-17 	 8.715625e-17
1 	 9 	 1 	 3 	 -9.875995e-17 	 1.599195e-16
1 	 10 	 1 	 3 	 -7.302035e-17 	 2.927330e-16
1 	 11 	 1 	 3 	 4.861355e-17 	 4.697422e-16
1 	 12 	 1 	 3 	 3.554367e-16 	 6.488730e-16
1 	 13 	 1 	 3 	 9.288472e-16 	 7.270792e-16
1 	 14 	 1 	 3 	 1.830415e-15 	 5.612361e-16
1 	 15 	 1 	 3 	 3.118005e-15 	 -2.173578e-16
1 	 16 	 1 	 3 	 4.574290e-15 	 -1.660553e-15
1 	 17 	 1 	 3 	 6.115266e-15 	 -3.922923e-15
1 	 18 	 1 	 3 	 7.614829e-15 	 -6.608535e-15
1 	 19 	 1 	 3 	 9.029354e-15 	 -9.163014e-15
1 	 20 	 1 	 3 	 1.042455e-14 	 -1.142876e-14
1 	 21 	 1 	 3 	 1.183902e-14 	 -1.346188e-14
1 	 22 	 1 	 3 	 1.330358e-14 	 -1.563955e-14
1 	 23 	 1 	 3 	 1.501347e-14 	 -1.821042e-14
1 	 24 	 1 	 3 	 1.736292e-14 	 -2.155763e-14
1 	 25 	 1 	 3 	 2.109297e-14 	 -2.676763e-14
1 	 26 	 1 	 3 	 2.627677e-14 	 -3.481842e-14
1 	 27 	 1 	 3 	 3.318734e-14 	 -5.001466e-14
1 	 28 	 1 	 3 	 3.880513e-14 	 -7.604227e-14
1 	 29 	 1 	 3 	 3.570623e-14 	 -1.217139e-13
1 	 30 	 1 	 3 	 -3.360350e-16 	 -1.946606e-13
1 	 31 	 1 	 3 	 -1.006889e-13 	 -2.852946e-13
1 	 32 	 1 	 3 	 -3.461196e-13 	 -3.512210e-13
1 	 33 	 1 	 3 	 -8.057131e-13 	 -2.927917e-13
1 	 34 	 1 	 3 	 -1.635419e-12 	 1.746065e-13
1 	 35 	 1 	 3 	 -3.035322e-12 	 1.840079e-12
1 	 36 	 1 	 3 	 -5.190231e-12 	 6.389426e-12
1 	 37 	 1 	 3 	 -6.473910e-12 	 2.428077e-11
1 	 38 	 1 	 3 	 9.343753e-12 	 8.147099e-11
1 	 39 	 1 	 3 	 1.320220e-10 	 2.636149e-10
1 	 40 	 1 	 3 	 8.118074e-11 	 5.914146e-10
1 	 41 	 1 	 3 	 -5.443793e-09 	 1.333565e-10
1 	 42 	 1 	 3 	 -9.128819e-11 	 4.373595e-10
1 	 43 	 1 	 3 	 5.203355e-11 	 1.878181e-10
1 	 44 	 1 	 3 	 -1.025729e-12 	 5.900011e-11
1 	 45 	 1 	 3 	 -6.700961e-12 	 1.782657e-11
1 	 46 	 1 	 3 	 -4.566885e-12 	 4.834478e-12
1 	 47 	 1 	 3 	 -2.712722e-12 	 1.411594e-12
1 	 48 	 1 	 3 	 -1.517802e-12 	 6.152820e-14
1 	 49 	 1 	 3 	 -8.007280e-13 	 -3.176652e-13
1 	 50 	 1 	 3 	 -3.907519e-13 	 -3.648476e-13
1 	 51 	 1 	 3 	 -1.574387e-13 	 -3.035794e-13
1 	 52 	 1 	 3 	 -5.265107e-14 	 -2.187296e-13
1 	 53 	 1 	 3 	 -6.171540e-15 	 -1.488302e-13
1 	 54 	 1 	 3 	 8.760702e-15 	 -1.019478e-13
1 	 55 	 1 	 3 	 1.320188e-14 	 -7.223096e-14
1 	 56 	 1 	 3 	 1.413766e-14 	 -5.259065e-14
1 	 57 	 1 	 3 	 1.428225e-14 	 -3.970299e-14
1 	 58 	 1 	 3 	 1.407649e-14 	 -3.024512e-14
1 	 59 	 1 	 3 	 1.373857e-14 	 -2.325059e-14
1 	 60 	 1 	 3 	 1.307822e-14 	 -1.778464e-14
1 	 61 	 1 	 3 	 1.206818e-14 	 -1.342158e-14
1 	 62 	 1 	 3 	 1.076412e-14 	 -9.819318e-15
1 	 63 	 1 	 3 	 9.244585e-15 	 -6.679250e-15
1 	 64 	 1 	 3 	 7.562746e-15 	 -3.894405e-15
1 	 65 	 1 	 3 	 5.779974e-15 	 -1.632649e-15
1 	 66 	 1 	 3 	 4.073246e-15 	 -8.900962e-17
1 	 67 	 1 	 3 	 2.603084e-15 	 7.053530e-16
1 	 68 	 1 	 3 	 1.459886e-15 	 9.741637e-16
1 	 69 	 1 	 3 	 7.251228e-16 	 8.769452e-16
1 	 70 	 1 	 3 	 2.962400e-16 	 6.704412e-16
1 	 71 	 1 	 3 	 8.881575e-17 	 4.563812e-16
1 	 72 	 1 	 3 	 1.631896e-17 	 2.865968e-16
1 	 73 	 1 	 3 	 5.757601e-18 	 1.697651e-16
1 	 74 	 1 	 3 	 2.157628e-17 	 1.090578e-16
1 	 75 	 1 	 3 	 3.590066e-17 	 7.820803e-17
1 	 76 	 1 	 3 	 4.462405e-17 	 6.523930e-17
1 	 77 	 1 	 3 	 4.537318e-17 	 6.049507e-17
1 	 78 	 1 	 3 	 4.155106e-17 	 5.806850e-17
1 	 79 	 1 	 3 	 3.469587e-17 	 5.547895e-17
1 	 80 	 1 	 3 	 2.725844e-17 	 5.202000e-17
1 	 81 	 1 	 3 	 2.028137e-17 	 4.775156e-17
1 	 1 	 2 	 1 	 -3.656919e-21 	 -4.929258e-21
1 	 2 	 2 	 1 	 -3.805713e-21 	 -5.561605e-21
1 	 3 	 2 	 1 	 -4.055446e-21 	 -6.452345e-21
1 	 4 	 2 	 1 	 -4.259148e-21 	 -7.457561e-21
1 	 5 	 2 	 1 	 -4.344660e-21 	 -8.581578e-21
1 	 6 	 2 	 1 	 -4.305059e-21 	 -1.023511e-20
1 	 7 	 2 	 1 	 -4.018399e-21 	 -1.234230e-20
1 	 8 	 2 	 1 	 -3.539612e-21 	 -1.521919e-20
1 	 9 	 2 	 1 	 -2.681438e-21 	 -1.944780e-20
1 	 10 	 2 	 1 	 -1.671236e-21 	 -2.542552e-20
1 	 11 	 2 	 1 	 -3.954441e-22 	 -3.414169e-20
1 	 12 	 2 	 1 	 7.400765e-22 	 -4.679325e-20
1 	 13 	 2 	 1 	 1.113659e-21 	 -6.491264e-20
1 	 14 	 2 	 1 	 -6.839178e-22 	 -9.189657e-20
1 	 15 	 2 	 1 	 -6.312338e-21 	 -1.298676e-19
1 	 16 	 2 	 1 	 -2.112614e-20 	 -1.848954e-19
1 	 17 	 2 	 1 	 -5.034329e-20 	 -2.610783e-19
1 	 18 	 2 	 1 	 -1.051892e-19 	 -3.640024e-19
1 	 19 	 2 	 1 	 -2.047535e-19 	 -5.017165e-19
1 	 20 	 2 	 1 	 -3.676508e-19 	 -6.752821e-19
1 	 21 	 2 	 1 	 -6.513656e-19 	 -8.939174e-19
1 	 22 	 2 	 1 	 -1.093254e-18 	 -1.144545e-18
1 	 23 	 2 	 1 	 -1.793662e-18 	 -1.409681e-18
1 	 24 	 2 	 1 	 -2.886220e-18 	 -1.638230e-18
1 	 25 	 2 	 1 	 -4.485827e-18 	 -1.743720e-18
1 	 26 	 2 	 1 	 -6.914049e-18 	 -1.467851e-18
1 	 27 	 2 	 1 	 -1.033589e-17 	 -5.681997e-19
1 	 28 	 2 	 1 	 -1.502100e-17 	 1.566329e-18
1 	 29 	 2 	 1 	 -2.132054e-17 	 5.765642e-18
1 	 30 	 2 	 1 	 -2.920304e-17 	 1.294655e-17
1 	 31 	 2 	 1 	 -3.859502e-17 	 2.530166e-17
1 	 32 	 2 	 1 	 -4.838468e-17 	 4.330326e-17
1 	 33 	 2 	 1 	 -5.703818e-17 	 6.883779e-17
1 	 34 	 2 	 1 	 -6.256176e-17 	 1.016682e-16
1 	 35 	 2 	 1 	 -6.296544e-17 	 1.398285e-16
1 	 36 	 2 	 1 	 -5.492464e-17 	 1.737794e-16
1 	 37 	 2 	 1 	 -4.127396e-17 	 1.967516e-16
1 	 38 	 2 	 1 	 -2.567869e-17 	 1.897926e-16
1 	 39 	 2 	 1 	 -1.357366e-17 	 1.509526e-16
1 	 40 	 2 	 1 	 -5.099760e-18 	 8.182581e-17
1 	 41 	 2 	 1 	 -3.603893e-18 	 -4.010199e-18
1 	 42 	 2 	 1 	 4.249152e-18 	 -7.529821e-17
1 	 43 	 2 	 1 	 1.522316e-17 	 -1.193215e-16
1 	 44 	 2 	 1 	 3.181221e-17 	 -1.340397e-16
1 	 45 	 2 	 1 	 4.554785e-17 	 -1.244668e-16
1 	 46 	 2 	 1 	 5.286517e-17 	 -1.005978e-16
1 	 47 	 2 	 1 	 5.465822e-17 	 -7.481753e-17
1 	 48 	 2 	 1 	 5.032737e-17 	 -5.040762e-17
1 	 49 	 2 	 1 	 4.342436e-17 	 -3.137608e-17
1 	 50 	 2 	 1 	 3.545253e-17 	 -1.764487e-17
1 	 51 	 2 	 1 	 2.757959e-17 	 -8.578196e-18
1 	 52 	 2 	 1 	 2.054602e-17 	 -2.761513e-18
1 	 53 	 2 	 1 	 1.489779e-17 	 2.820850e-19
1 	 54 	 2 	 1 	 1.048539e-17 	 1.812901e-18
1 	 55 	 2 	 1 	 7.253825e-18 	 2.354892e-18
1 	 56 	 2 	 1 	 4.914533e-18 	 2.336337e-18
1 	 57 	 2 	 1 	 3.251439e-18 	 2.085244e-18
1 	 58 	 2 	 1 	 2.158942e-18 	 1.721588e-18
1 	 59 	 2 	 1 	 1.406300e-18 	 1.361769e-18
1 	 60 	 2 	 1 	 9.184355e-19 	 1.044699e-18
1 	 61 	 2 	 1 	 6.052540e-19 	 7.839420e-19
1 	 62 	 2 	 1 	 3.980745e-19 	 5.747422e-19
1 	 63 	 2 	 1 	 2.729796e-19 	 4.208635e-19
1 	 64 	 2 	 1 	 1.898728e-19 	 3.049936e-19
1 	 65 	 2 	 1 	 1.371716e-19 	 2.220572e-19
1 	 66 	 2 	 1 	 1.021889e-19 	 1.620179e-19
1 	 67 	 2 	 1 	 7.807744e-20 	 1.190275e-19
1 	 68 	 2 	 1 	 6.149599e-20 	 8.877004e-20
1 	 69 	 2 	 1 	 4.902225e-20 	 6.696571e-20
1 	 70 	 2 	 1 	 3.954947e-20 	 5.139885e-20
1 	 71 	 2 	 1 	 3.212080e-20 	 4.010005e-20
1 	 72 	 2 	 1 	 2.596165e-20 	 3.153195e-20
1 	 73 	 2 	 1 	 2.109744e-20 	 2.535218e-20
1 	 74 	 2 	 1 	 1.700772e-20 	 2.045180e-20
1 	 75 	 2 	 1 	 1.365722e-20 	 1.685286e-20
1 	 76 	 2 	 1 	 1.091875e-20 	 1.382833e-20
1 	 77 	 2 	 1 	 8.705078e-21 	 1.151070e-20
1 	 78 	 2 	 1 	 6.862496e-21 	 9.570532e-21
1 	 79 	 2 	 1 	 5.400767e-21 	 7.994563e-21
1 	 80 	 2 	 1 	 4.260794e-21 	 6.660766e-21
1 	 81 	 2 	 1 	 3.429057e-21 	 5.668779e-21
1 	 1 	 2 	 2 	 3.151747e-22 	 7.058845e-23
1 	 2 	 2 	 2 	 3.259637e-22 	 1.079845e-22
1 	 3 	 2 	 2 	 3.682123e-22 	 1.533113e-22
1 	 4 	 2 	 2 	 4.283992e-22 	 1.808810e-22
1 	 5 	 2 	 2 	 4.800321e-22 	 2.000983e-22
1 	 6 	 2 	 2 	 5.220389e-22 	 2.153300e-22
1 	 7 	 2 	 2 	 5.436815e-22 	 2.488030e-22
1 	 8 	 2 	 2 	 5.410426e-22 	 3.037345e-22
1 	 9 	 2 	 2 	 5.048334e-22 	 4.322998e-22
1 	 10 	 2 	 2 	 4.313713e-22 	 6.837279e-22
1 	 11 	 2 	 2 	 4.074961e-22 	 1.177775e-21
1 	 12 	 2 	 2 	 4.910416e-22 	 1.936363e-21
1 	 13 	 2 	 2 	 7.895392e-22 	 3.109714e-21
1 	 14 	 2 	 2 	 1.672791e-21 	 4.911553e-21
1 	 15 	 2 	 2 	 3.368956e-21 	 7.214548e-21
1 	 16 	 2 	 2 	 6.451609e-21 	 1.011511e-20
1 	 17 	 2 	 2 	 1.111099e-20 	 1.339833e-20
1 	 18 	 2 	 2 	 1.770749e-20 	 1.690068e-20
1 	 19 	 2 	 2 	 2.631850e-20 	 2.076098e-20
1 	 20 	 2 	 2 	 3.679309e-20 	 2.523191e-20
1 	 21 	 2 	 2 	 5.071422e-20 	 3.148000e-20
1 	 22 	 2 	 2 	 6.960951e-20 	 4.025121e-20
1 	 23 	 2 	 2 	 9.912448e-20 	 5.310651e-20
1 	 24 	 2 	 2 	 1.508578e-19 	 7.113360e-20
1 	 25 	 2 	 2 	 2.415350e-19 	 9.188969e-20
1 	 26 	 2 	 2 	 4.222793e-19 	 9.924301e-20
1 	 27 	 2 	 2 	 7.394082e-19 	 5.662503e-20
1 	 28 	 2 	 2 	 1.283950e-18 	 -1.516480e-19
1 	 29 	 2 	 2 	 2.149578e-18 	 -7.431724e-19
1 	 30 	 2 	 2 	 3.333616e-18 	 -2.047577e-18
1 	 31 	 2 	 2 	 4.654760e-18 	 -4.875638e-18
1 	 32 	 2 	 2 	 5.500496e-18 	 -9.610010e-18
1 	 33 	 2 	 2 	 4.554724e-18 	 -1.699803e-17
1 	 34 	 2 	 2 	 2.937526e-19 	 -2.674540e-17
1 	 35 	 2 	 2 	 -8.523213e-18 	 -3.757452e-17
1 	 36 	 2 	 2 	 -2.192886e-17 	 -4.547613e-17
1 	 37 	 2 	 2 	 -3.635766e-17 	 -4.846901e-17
1 	 38 	 2 	 2 	 -4.390012e-17 	 -4.258476e-17
1 	 39 	 2 	 2 	 -3.846469e-17 	 -3.060383e-17
1 	 40 	 2 	 2 	 -2.182742e-17 	 -1.666803e-17
1 	 41 	 2 	 2 	 1.055800e-18 	 5.324875e-19
1 	 42 	 2 	 2 	 2.073302e-17 	 1.501293e-17
1 	 43 	 2 	 2 	 2.673929e-17 	 2.827007e-17
1 	 44 	 2 	 2 	 2.142320e-17 	 3.412629e-17
1 	 45 	 2 	 2 	 1.186022e-17 	 3.360652e-17
1 	 46 	 2 	 2 	 2.260960e-18 	 2.740098e-17
1 	 47 	 2 	 2 	 -3.952739e-18 	 1.950093e-17
1 	 48 	 2 	 2 	 -6.170556e-18 	 1.191208e-17
1 	 49 	 2 	 2 	 -6.072251e-18 	 6.332951e-18
1 	 50 	 2 	 2 	 -4.846474e-18 	 2.789880e-18
1 	 51 	 2 	 2 	 -3.362120e-18 	 9.092620e-19
1 	 52 	 2 	 2 	 -2.088038e-18 	 4.349321e-21
1 	 53 	 2 	 2 	 -1.217653e-18 	 -2.563414e-19
1 	 54 	 2 	 2 	 -6.573528e-19 	 -2.801659e-19
1 	 55 	 2 	 2 	 -3.373070e-19 	 -2.160832e-19
1 	 56 	 2 	 2 	 -1.660289e-19 	 -1.382632e-19
1 	 57 	 2 	 2 	 -7.468022e-20 	 -7.749022e-20
1 	 58 	 2 	 2 	 -3.400585e-20 	 -3.847972e-20
1 	 59 	 2 	 2 	 -1.409037e-20 	 -1.460908e-20
1 	 60 	 2 	 2 	 -6.096949e-21 	 -1.792545e-21
1 	 61 	 2 	 2 	 -3.785367e-21 	 4.605955e-21
1 	 62 	 2 	 2 	 -3.826012e-21 	 7.663202e-21
1 	 63 	 2 	 2 	 -5.294457e-21 	 8.527692e-21
1 	 64 	 2 	 2 	 -6.865120e-21 	 8.167657e-21
1 	 65 	 2 	 2 	 -7.978125e-21 	 6.975663e-21
1 	 66 	 2 	 2 	 -8.311303e-21 	 5.400947e-21
1 	 67 	 2 	 2 	 -7.944279e-21 	 3.813957e-21
1 	 68 	 2 	 2 	 -7.072616e-21 	 2.427307e-21
1 	 69 	 2 	 2 	 -5.989222e-21 	 1.362180e-21
1 	 70 	 2 	 2 	 -4.896049e-21 	 6.362288e-22
1 	 71 	 2 	 2 	 -3.878489e-21 	 1.661527e-22
1 	 72 	 2 	 2 	 -2.997922e-21 	 -1.044719e-22
1 	 73 	 2 	 2 	 -2.296910e-21 	 -2.228693e-22
1 	 74 	 2 	 2 	 -1.742218e-21 	 -2.742057e-22
1 	 75 	 2 	 2 	 -1.322723e-21 	 -2.777660e-22
1 	 76 	 2 	 2 	 -1.000805e-21 	 -2.596100e-22
1 	 77 	 2 	 2 	 -7.504587e-22 	 -2.345179e-22
1 	 78 	 2 	 2 	 -5.650822e-22 	 -1.983897e-22
1 	 79 	 2 	 2 	 -4.162992e-22 	 -1.602887e-22
1 	 80 	 2 	 2 	 -3.211209e-22 	 -1.058727e-22
1 	 81 	 2 	 2 	 -2.812926e-22 	 -7.210604e-23
1 	 1 	 2 	 3 	 -2.165567e-23 	 3.778231e-23
1 	 2 	 2 	 3 	 -2.726413e-23 	 4.343832e-23
1 	 3 	 2 	 3 	 -3.744608e-23 	 5.315032e-23
1 	 4 	 2 	 3 	 -4.155988e-23 	 6.633671e-23
1 	 5 	 2 	 3 	 -5.093766e-23 	 8.540803e-23
1 	 6 	 2 	 3 	 -3.377355e-23 	 1.021658e-22
1 	 7 	 2 	 3 	 -1.603816e-23 	 1.189289e-22
1 	 8 	 2 	 3 	 3.476008e-23 	 9.406078e-23
1 	 9 	 2 	 3 	 5.832422e-23 	 4.241090e-23
1 	 10 	 2 	 3 	 1.429152e-22 	 -4.243202e-23
1 	 11 	 2 	 3 	 1.312266e-22 	 -4.291173e-22
1 	 12 	 2 	 3 	 -3.591897e-22 	 -8.742278e-22
1 	 13 	 2 	 3 	 -1.126989e-21 	 -1.029852e-21
1 	 14 	 2 	 3 	 -2.329395e-21 	 -1.220040e-21
1 	 15 	 2 	 3 	 -4.870653e-21 	 -6.946222e-22
1 	 16 	 2 	 3 	 -7.514879e-21 	 1.600818e-21
1 	 17 	 2 	 3 	 -1.130547e-20 	 5.728442e-21
1 	 18 	 2 	 3 	 -1.432037e-20 	 1.222877e-20
1 	 19 	 2 	 3 	 -1.796840e-20 	 2.077583e-20
1 	 20 	 2 	 3 	 -2.124365e-20 	 2.965577e-20
1 	 21 	 2 	 3 	 -2.456509e-20 	 3.926401e-20
1 	 22 	 2 	 3 	 -2.827669e-20 	 4.767884e-20
1 	 23 	 2 	 3 	 -3.123100e-20 	 5.496333e-20
1 	 24 	 2 	 3 	 -3.367330e-20 	 6.175890e-20
1 	 25 	 2 	 3 	 -3.612474e-20 	 6.911411e-20
1 	 26 	 2 	 3 	 -3.948415e-20 	 8.252197e-20
1 	 27 	 2 	 3 	 -4.465478e-20 	 1.113617e-19
1 	 28 	 2 	 3 	 -4.738325e-20 	 1.805404e-19
1 	 29 	 2 	 3 	 -2.502356e-20 	 3.354691e-19
1 	 30 	 2 	 3 	 8.511966e-20 	 6.314547e-19
1 	 31 	 2 	 3 	 5.030144e-19 	 1.159781e-18
1 	 32 	 2 	 3 	 1.471943e-18 	 1.839838e-18
1 	 33 	 2 	 3 	 3.499853e-18 	 2.365768e-18
1 	 34 	 2 	 3 	 6.837475e-18 	 2.052967e-18
1 	 35 	 2 	 3 	 1.124920e-17 	 3.208813e-20
1 	 36 	 2 	 3 	 1.526892e-17 	 -4.525171e-18
1 	 37 	 2 	 3 	 1.759194e-17 	 -1.043767e-17
1 	 38 	 2 	 3 	 1.612951e-17 	 -1.490175e-17
1 	 39 	 2 	 3 	 1.086613e-17 	 -1.434839e-17
1 	 40 	 2 	 3 	 5.977942e-18 	 -7.167455e-18
1 	 41 	 2 	 3 	 6.529835e-19 	 -2.626813e-19
1 	 42 	 2 	 3 	 -6.021198e-18 	 8.102200e-18
1 	 43 	 2 	 3 	 -1.082135e-17 	 7.873627e-18
1 	 44 	 2 	 3 	 -1.197306e-17 	 5.398222e-18
1 	 45 	 2 	 3 	 -1.103457e-17 	 1.326926e-18
1 	 46 	 2 	 3 	 -7.688517e-18 	 -1.698693e-18
1 	 47 	 2 	 3 	 -4.353539e-18 	 -2.854822e-18
1 	 48 	 2 	 3 	 -1.923101e-18 	 -2.569257e-18
1 	 49 	 2 	 3 	 -5.474079e-19 	 -1.830723e-18
1 	 50 	 2 	 3 	 4.298505e-20 	 -1.097814e-18
1 	 51 	 2 	 3 	 1.814111e-19 	 -5.768943e-19
1 	 52 	 2 	 3 	 1.590371e-19 	 -2.553755e-19
1 	 53 	 2 	 3 	 9.350469e-20 	 -9.789091e-20
1 	 54 	 2 	 3 	 3.929216e-20 	 -1.709529e-20
1 	 55 	 2 	 3 	 5.341432e-21 	 2.092078e-20
1 	 56 	 2 	 3 	 -1.320271e-20 	 3.832867e-20
1 	 57 	 2 	 3 	 -2.251029e-20 	 4.588405e-20
1 	 58 	 2 	 3 	 -2.607500e-20 	 4.674365e-20
1 	 59 	 2 	 3 	 -2.677400e-20 	 4.373996e-20
1 	 60 	 2 	 3 	 -2.555275e-20 	 3.763597e-20
1 	 61 	 2 	 3 	 -2.315602e-20 	 2.980108e-20
1 	 62 	 2 	 3 	 -2.004382e-20 	 2.146659e-20
1 	 63 	 2 	 3 	 -1.643417e-20 	 1.339342e-20
1 	 64 	 2 	 3 	 -1.253806e-20 	 6.692749e-21
1 	 65 	 2 	 3 	 -8.742797e-21 	 1.986549e-21
1 	 66 	 2 	 3 	 -5.464508e-21 	 -7.002286e-22
1 	 67 	 2 	 3 	 -3.000523e-21 	 -1.765780e-21
1 	 68 	 2 	 3 	 -1.397936e-21 	 -1.820579e-21
1 	 69 	 2 	 3 	 -4.896296e-22 	 -1.474146e-21
1 	 70 	 2 	 3 	 -8.441991e-23 	 -1.066654e-21
1 	 71 	 2 	 3 	 6.471501e-23 	 -7.228541e-22
1 	 72 	 2 	 3 	 8.720115e-23 	 -4.819991e-22
1 	 73 	 2 	 3 	 6.663601e-23 	 -3.422273e-22
1 	 74 	 2 	 3 	 5.173959e-23 	 -2.569444e-22
1 	 75 	 2 	 3 	 5.100044e-23 	 -1.979631e-22
1 	 76 	 2 	 3 	 4.736268e-23 	 -1.543519e-22
1 	 77 	 2 	 3 	 5.186015e-23 	 -1.135667e-22
1 	 78 	 2 	 3 	 3.733205e-23 	 -7.815166e-23
1 	 79 	 2 	 3 	 2.920327e-23 	 -5.224433e-23
1 	 80 	 2 	 3 	 1.775374e-23 	 -3.879465e-23
1 	 81 	 2 	 3 	 1.557267e-23 	 -3.203669e-23
1 	 1 	 3 	 1 	 -6.152773e-16 	 8.707665e-16
1 	 2 	 3 	 1 	 -5.435397e-16 	 1.259630e-15
1 	 3 	 3 	 1 	 -3.490227e-16 	 1.740264e-15
1 	 4 	 3 	 1 	 4.459642e-17 	 2.314927e-15
1 	 5 	 3 	 1 	 6.906081e-16 	 2.954738e-15
1 	 6 	 3 	 1 	 1.723139e-15 	 3.599864e-15
1 	 7 	 3 	 1 	 3.216111e-15 	 4.161857e-15
1 	 8 	 3 	 1 	 5.295929e-15 	 4.494201e-15
1 	 9 	 3 	 1 	 8.157641e-15 	 4.354975e-15
1 	 10 	 3 	 1 	 1.169607e-14 	 3.486884e-15
1 	 11 	 3 	 1 	 1.595997e-14 	 1.387168e-15
1 	 12 	 3 	 1 	 2.082556e-14 	 -2.161683e-15
1 	 13 	 3 	 1 	 2.597895e-14 	 -7.496913e-15
1 	 14 	 3 	 1 	 3.096090e-14 	 -1.484602e-14
1 	 15 	 3 	 1 	 3.505491e-14 	 -2.322591e-14
1 	 16 	 3 	 1 	 3.746191e-14 	 -3.141097e-14
1 	 17 	 3 	 1 	 3.828193e-14 	 -3.718428e-14
1 	 18 	 3 	 1 	 3.789843e-14 	 -3.976189e-14
1 	 19 	 3 	 1 	 3.662229e-14 	 -3.923449e-14
1 	 20 	 3 	 1 	 3.538248e-14 	 -3.857968e-14
1 	 21 	 3 	 1 	 3.501501e-14 	 -4.155620e-14
1 	 22 	 3 	 1 	 3.502079e-14 	 -4.812172e-14
1 	 23 	 3 	 1 	 3.516441e-14 	 -5.949601e-14
1 	 24 	 3 	 1 	 3.478043e-14 	 -7.697263e-14
1 	 25 	 3 	 1 	 3.228939e-14 	 -1.012603e-13
1 	 26 	 3 	 1 	 2.311993e-14 	 -1.352439e-13
1 	 27 	 3 	 1 	 4.309638e-15 	 -1.791082e-13
1 	 28 	 3 	 1 	 -3.372923e-14 	 -2.381183e-13
1 	 29 	 3 	 1 	 -1.027329e-13 	 -3.137583e-13
1 	 30 	 3 	 1 	 -2.201438e-13 	 -4.017174e-13
1 	 31 	 3 	 1 	 -4.280947e-13 	 -4.933570e-13
1 	 32 	 3 	 1 	 -7.531488e-13 	 -5.705513e-13
1 	 33 	 3 	 1 	 -1.272928e-12 	 -5.835565e-13
1 	 34 	 3 	 1 	 -2.074625e-12 	 -4.682472e-13
1 	 35 	 3 	 1 	 -3.270706e-12 	 -7.252333e-14
1 	 36 	 3 	 1 	 -5.242717e-12 	 8.761829e-13
1 	 37 	 3 	 1 	 -8.880468e-12 	 2.459809e-12
1 	 38 	 3 	 1 	 -2.211681e-11 	 4.181433e-12
1 	 39 	 3 	 1 	 -9.763292e-11 	 2.193161e-12
1 	 40 	 3 	 1 	 -6.048827e-10 	 -1.722372e-11
1 	 41 	 3 	 1 	 2.687628e-11 	 6.028573e-12
1 	 42 	 3 	 1 	 4.992158e-10 	 2.664358e-11
1 	 43 	 3 	 1 	 1.193232e-10 	 8.401656e-12
1 	 44 	 3 	 1 	 3.589296e-11 	 2.593313e-12
1 	 45 	 3 	 1 	 1.419413e-11 	 1.232802e-12
1 	 46 	 3 	 1 	 7.368747e-12 	 1.115184e-12
1 	 47 	 3 	 1 	 3.993111e-12 	 1.046831e-12
1 	 48 	 3 	 1 	 2.322412e-12 	 9.460677e-13
1 	 49 	 3 	 1 	 1.331847e-12 	 7.957611e-13
1 	 50 	 3 	 1 	 7.467850e-13 	 6.463124e-13
1 	 51 	 3 	 1 	 4.104553e-13 	 5.070727e-13
1 	 52 	 3 	 1 	 2.066007e-13 	 3.869457e-13
1 	 53 	 3 	 1 	 9.712629e-14 	 2.900501e-13
1 	 54 	 3 	 1 	 3.478435e-14 	 2.124783e-13
1 	 55 	 3 	 1 	 1.889601e-15 	 1.559483e-13
1 	 56 	 3 	 1 	 -1.407171e-14 	 1.154585e-13
1 	 57 	 3 	 1 	 -2.201616e-14 	 8.539594e-14
1 	 58 	 3 	 1 	 -2.492739e-14 	 6.400573e-14
1 	 59 	 3 	 1 	 -2.634684e-14 	 4.915186e-14
1 	 60 	 3 	 1 	 -2.756617e-14 	 4.007013e-14
1 	 61 	 3 	 1 	 -2.882789e-14 	 3.484806e-14
1 	 62 	 3 	 1 	 -3.012350e-14 	 3.224490e-14
1 	 63 	 3 	 1 	 -3.192387e-14 	 3.198017e-14
1 	 64 	 3 	 1 	 -3.318418e-14 	 3.083280e-14
1 	 65 	 3 	 1 	 -3.304699e-14 	 2.705145e-14
1 	 66 	 3 	 1 	 -3.184929e-14 	 2.163856e-14
1 	 67 	 3 	 1 	 -2.942274e-14 	 1.527218e-14
1 	 68 	 3 	 1 	 -2.581866e-14 	 9.170899e-15
1 	 69 	 3 	 1 	 -2.164749e-14 	 4.023329e-15
1 	 70 	 3 	 1 	 -1.755906e-14 	 3.076885e-16
1 	 71 	 3 	 1 	 -1.372186e-14 	 -2.192609e-15
1 	 72 	 3 	 1 	 -1.032632e-14 	 -3.701238e-15
1 	 73 	 3 	 1 	 -7.442438e-15 	 -4.339956e-15
1 	 74 	 3 	 1 	 -5.046419e-15 	 -4.450674e-15
1 	 75 	 3 	 1 	 -3.226803e-15 	 -4.187279e-15
1 	 76 	 3 	 1 	 -1.868283e-15 	 -3.725139e-15
1 	 77 	 3 	 1 	 -8.640591e-16 	 -3.161398e-15
1 	 78 	 3 	 1 	 -1.956183e-16 	 -2.578791e-15
1 	 79 	 3 	 1 	 2.476490e-16 	 -2.024414e-15
1 	 80 	 3 	 1 	 4.976081e-16 	 -1.530300e-15
1 	 81 	 3 	 1 	 6.173413e-16 	 -1.111802e-15
1 	 1 	 3 	 2 	 2.086214e-17 	 3.001765e-18
1 	 2 	 3 	 2 	 3.066775e-17 	 -5.993424e-18
1 	 3 	 3 	 2 	 3.966209e-17 	 -2.352424e-17
1 	 4 	 3 	 2 	 4.229774e-17 	 -5.450124e-17
1 	 5 	 3 	 2 	 3.055038e-17 	 -9.992650e-17
1 	 6 	 3 	 2 	 -1.385745e-17 	 -1.595680e-16
1 	 7 	 3 	 2 	 -1.087869e-16 	 -2.214342e-16
1 	 8 	 3 	 2 	 -2.787653e-16 	 -2.604493e-16
1 	 9 	 3 	 2 	 -5.541772e-16 	 -2.191810e-16
1 	 10 	 3 	 2 	 -9.184792e-16 	 -3.212805e-17
1 	 11 	 3 	 2 	 -1.334926e-15 	 4.389093e-16
1 	 12 	 3 	 2 	 -1.702383e-15 	 1.271723e-15
1 	 13 	 3 	 2 	 -1.846047e-15 	 2.541705e-15
1 	 14 	 3 	 2 	 -1.517289e-15 	 4.252711e-15
1 	 15 	 3 	 2 	 -6.736699e-16 	 6.088532e-15
1 	 16 	 3 	 2 	 6.381238e-16 	 7.657685e-15
1 	 17 	 3 	 2 	 1.780956e-15 	 8.554114e-15
1 	 18 	 3 	 2 	 2.323359e-15 	 8.742295e-15
1 	 19 	 3 	 2 	 2.085220e-15 	 8.292962e-15
1 	 20 	 3 	 2 	 1.583709e-15 	 7.770541e-15
1 	 21 	 3 	 2 	 1.420669e-15 	 7.954471e-15
1 	 22 	 3 	 2 	 1.554820e-15 	 8.977076e-15
1 	 23 	 3 	 2 	 2.134603e-15 	 1.136660e-14
1 	 24 	 3 	 2 	 3.701132e-15 	 1.573639e-14
1 	 25 	 3 	 2 	 7.295402e-15 	 2.238441e-14
1 	 26 	 3 	 2 	 1.612198e-14 	 3.188863e-14
1 	 27 	 3 	 2 	 3.284766e-14 	 4.293565e-14
1 	 28 	 3 	 2 	 6.614545e-14 	 5.199055e-14
1 	 29 	 3 	 2 	 1.243462e-13 	 4.899047e-14
1 	 30 	 3 	 2 	 2.134421e-13 	 1.453310e-14
1 	 31 	 3 	 2 	 3.391302e-13 	 -1.060289e-13
1 	 32 	 3 	 2 	 4.735555e-13 	 -3.668580e-13
1 	 33 	 3 	 2 	 5.175436e-13 	 -9.020431e-13
1 	 34 	 3 	 2 	 2.420129e-13 	 -1.837023e-12
1 	 35 	 3 	 2 	 -8.176640e-13 	 -3.221562e-12
1 	 36 	 3 	 2 	 -3.873621e-12 	 -4.931323e-12
1 	 37 	 3 	 2 	 -1.045468e-11 	 -6.416717e-12
1 	 38 	 3 	 2 	 -2.891522e-11 	 -7.611012e-12
1 	 39 	 3 	 2 	 -1.089443e-10 	 -1.675289e-11
1 	 40 	 3 	 2 	 -6.135785e-10 	 -7.150515e-11
1 	 41 	 3 	 2 	 2.051105e-11 	 1.066343e-11
1 	 42 	 3 	 2 	 4.943348e-10 	 8.490281e-11
1 	 43 	 3 	 2 	 1.184638e-10 	 3.544254e-11
1 	 44 	 3 	 2 	 3.449113e-11 	 1.790539e-11
1 	 45 	 3 	 2 	 1.115776e-11 	 1.076227e-11
1 	 46 	 3 	 2 	 3.572343e-12 	 6.685614e-12
1 	 47 	 3 	 2 	 4.362498e-13 	 3.775345e-12
1 	 48 	 3 	 2 	 -4.669173e-13 	 1.987282e-12
1 	 49 	 3 	 2 	 -6.179953e-13 	 9.103523e-13
1 	 50 	 3 	 2 	 -4.991507e-13 	 3.440825e-13
1 	 51 	 3 	 2 	 -3.333671e-13 	 9.250334e-14
1 	 52 	 3 	 2 	 -1.990402e-13 	 -1.441315e-14
1 	 53 	 3 	 2 	 -1.131093e-13 	 -4.043217e-14
1 	 54 	 3 	 2 	 -6.024062e-14 	 -4.017556e-14
1 	 55 	 3 	 2 	 -3.182185e-14 	 -3.174780e-14
1 	 56 	 3 	 2 	 -1.771165e-14 	 -2.307947e-14
1 	 57 	 3 	 2 	 -1.005480e-14 	 -1.631055e-14
1 	 58 	 3 	 2 	 -6.046699e-15 	 -1.183555e-14
1 	 59 	 3 	 2 	 -3.711015e-15 	 -9.034785e-15
1 	 60 	 3 	 2 	 -2.356171e-15 	 -7.608631e-15
1 	 61 	 3 	 2 	 -1.514247e-15 	 -7.005372e-15
1 	 62 	 3 	 2 	 -1.066330e-15 	 -6.863060e-15
1 	 63 	 3 	 2 	 -9.471780e-16 	 -7.106624e-15
1 	 64 	 3 	 2 	 -6.570081e-16 	 -7.100898e-15
1 	 65 	 3 	 2 	 1.835429e-17 	 -6.481818e-15
1 	 66 	 3 	 2 	 8.234349e-16 	 -5.443733e-15
1 	 67 	 3 	 2 	 1.499518e-15 	 -4.090525e-15
1 	 68 	 3 	 2 	 1.792234e-15 	 -2.705570e-15
1 	 69 	 3 	 2 	 1.750910e-15 	 -1.512110e-15
1 	 70 	 3 	 2 	 1.477967e-15 	 -6.718907e-16
1 	 71 	 3 	 2 	 1.112743e-15 	 -1.379798e-16
1 	 72 	 3 	 2 	 7.528025e-16 	 1.537487e-16
1 	 73 	 3 	 2 	 4.537191e-16 	 2.575571e-16
1 	 74 	 3 	 2 	 2.287924e-16 	 2.665097e-16
1 	 75 	 3 	 2 	 8.745135e-17 	 2.205277e-16
1 	 76 	 3 	 2 	 6.820273e-18 	 1.600053e-16
1 	 77 	 3 	 2 	 -3.293184e-17 	 1.023523e-16
1 	 78 	 3 	 2 	 -4.375147e-17 	 5.775362e-17
1 	 79 	 3 	 2 	 -4.131818e-17 	 2.574753e-17
1 	 80 	 3 	 2 	 -3.226876e-17 	 6.834687e-18
1 	 81 	 3 	 2 	 -2.191110e-17 	 -3.614049e-18
1 	 1 	 3 	 3 	 -1.137830e-18 	 3.489866e-19
1 	 2 	 3 	 3 	 -1.643855e-18 	 1.303701e-18
1 	 3 	 3 	 3 	 -1.759108e-18 	 3.030318e-18
1 	 4 	 3 	 3 	 -4.487802e-19 	 5.780432e-18
1 	 5 	 3 	 3 	 3.491983e-18 	 8.985504e-18
1 	 6 	 3 	 3 	 1.240243e-17 	 1.060202e-17
1 	 7 	 3 	 3 	 2.716201e-17 	 6.382435e-18
1 	 8 	 3 	 3 	 4.665584e-17 	 -1.116194e-17
1 	 9 	 3 	 3 	 6.280133e-17 	 -5.516719e-17
1 	 10 	 3 	 3 	 5.797682e-17 	 -1.311562e-16
1 	 11 	 3 	 3 	 -9.333892e-18 	 -2.432128e-16
1 	 12 	 3 	 3 	 -1.772357e-16 	 -3.662115e-16
1 	 13 	 3 	 3 	 -4.884925e-16 	 -4.432915e-16
1 	 14 	 3 	 3 	 -9.636192e-16 	 -3.735739e-16
1 	 15 	 3 	 3 	 -1.503948e-15 	 -1.108707e-16
1 	 16 	 3 	 3 	 -1.972647e-15 	 3.576051e-16
1 	 17 	 3 	 3 	 -2.230546e-15 	 7.973594e-16
1 	 18 	 3 	 3 	 -2.274607e-15 	 1.035466e-15
1 	 19 	 3 	 3 	 -2.124449e-15 	 1.001055e-15
1 	 20 	 3 	 3 	 -1.913745e-15 	 8.883508e-16
1 	 21 	 3 	 3 	 -1.822200e-15 	 9.050099e-16
1 	 22 	 3 	 3 	 -1.898353e-15 	 9.764656e-16
1 	 23 	 3 	 3 	 -2.316722e-15 	 1.046364e-15
1 	 24 	 3 	 3 	 -3.351916e-15 	 1.177737e-15
1 	 25 	 3 	 3 	 -5.258516e-15 	 1.680280e-15
1 	 26 	 3 	 3 	 -8.646521e-15 	 3.690910e-15
1 	 27 	 3 	 3 	 -1.321309e-14 	 8.640771e-15
1 	 28 	 3 	 3 	 -1.752274e-14 	 2.077345e-14
1 	 29 	 3 	 3 	 -1.597592e-14 	 4.467636e-14
1 	 30 	 3 	 3 	 3.394588e-15 	 8.307568e-14
1 	 31 	 3 	 3 	 7.597782e-14 	 1.323354e-13
1 	 32 	 3 	 3 	 2.366200e-13 	 1.599158e-13
1 	 33 	 3 	 3 	 5.529188e-13 	 4.741166e-14
1 	 34 	 3 	 3 	 1.018195e-12 	 -4.578351e-13
1 	 35 	 3 	 3 	 1.374752e-12 	 -1.794823e-12
1 	 36 	 3 	 3 	 4.325283e-13 	 -4.853085e-12
1 	 37 	 3 	 3 	 -4.240724e-12 	 -9.957317e-12
1 	 38 	 3 	 3 	 -2.303093e-11 	 -1.832368e-11
1 	 39 	 3 	 3 	 -1.051603e-10 	 -4.074429e-11
1 	 40 	 3 	 3 	 -6.070033e-10 	 -1.334934e-10
1 	 41 	 3 	 3 	 1.574135e-11 	 1.188130e-11
1 	 42 	 3 	 3 	 4.767212e-10 	 1.430280e-10
1 	 43 	 3 	 3 	 1.047201e-10 	 6.041306e-11
1 	 44 	 3 	 3 	 2.322233e-11 	 2.751894e-11
1 	 45 	 3 	 3 	 2.922009e-12 	 1.274485e-11
1 	 46 	 3 	 3 	 -1.302451e-12 	 5.551561e-12
1 	 47 	 3 	 3 	 -1.757080e-12 	 1.817889e-12
1 	 48 	 3 	 3 	 -1.144725e-12 	 3.963081e-13
1 	 49 	 3 	 3 	 -5.741167e-13 	 -9.139050e-14
1 	 50 	 3 	 3 	 -2.289739e-13 	 -1.741376e-13
1 	 51 	 3 	 3 	 -7.050533e-14 	 -1.308129e-13
1 	 52 	 3 	 3 	 -4.466165e-15 	 -7.745281e-14
1 	 53 	 3 	 3 	 1.124651e-14 	 -4.104990e-14
1 	 54 	 3 	 3 	 1.204097e-14 	 -1.983827e-14
1 	 55 	 3 	 3 	 8.761615e-15 	 -9.631923e-15
1 	 56 	 3 	 3 	 5.685236e-15 	 -5.303361e-15
1 	 57 	 3 	 3 	 3.612570e-15 	 -3.247330e-15
1 	 58 	 3 	 3 	 2.513635e-15 	 -2.202406e-15
1 	 59 	 3 	 3 	 1.937843e-15 	 -1.542871e-15
1 	 60 	 3 	 3 	 1.717207e-15 	 -1.091913e-15
1 	 61 	 3 	 3 	 1.674354e-15 	 -7.592125e-16
1 	 62 	 3 	 3 	 1.709354e-15 	 -5.571370e-16
1 	 63 	 3 	 3 	 1.805956e-15 	 -4.891145e-16
1 	 64 	 3 	 3 	 1.810368e-15 	 -3.706465e-16
1 	 65 	 3 	 3 	 1.630762e-15 	 -1.225369e-16
1 	 66 	 3 	 3 	 1.322253e-15 	 1.560909e-16
1 	 67 	 3 	 3 	 9.235528e-16 	 3.673208e-16
1 	 68 	 3 	 3 	 5.376664e-16 	 4.320069e-16
1 	 69 	 3 	 3 	 2.340638e-16 	 3.881377e-16
1 	 70 	 3 	 3 	 5.184951e-17 	 2.869900e-16
1 	 71 	 3 	 3 	 -3.779709e-17 	 1.795087e-16
1 	 72 	 3 	 3 	 -6.671476e-17 	 9.241455e-17
1 	 73 	 3 	 3 	 -5.971171e-17 	 3.635145e-17
1 	 74 	 3 	 3 	 -4.220203e-17 	 4.220352e-18
1 	 75 	 3 	 3 	 -2.435659e-17 	 -8.249606e-18
1 	 76 	 3 	 3 	 -1.113538e-17 	 -1.071999e-17
1 	 77 	 3 	 3 	 -2.959555e-18 	 -8.769759e-18
1 	 78 	 3 	 3 	 7.545591e-19 	 -5.550100e-18
1 	 79 	 3 	 3 	 2.120561e-18 	 -2.721990e-18
1 	 80 	 3 	 3 	 2.000881e-18 	 -9.126015e-19
1 	 81 	 3 	 3 	 1.470801e-18 	 1.500262e-19
