-1.000000e+04 	 -2.619601e-17 	 -5.925431e-17
-9.968750e+03 	 -2.645713e-17 	 -6.062804e-17
-9.937500e+03 	 -2.671025e-17 	 -6.203938e-17
-9.906250e+03 	 -2.695479e-17 	 -6.349020e-17
-9.875000e+03 	 -2.719022e-17 	 -6.498220e-17
-9.843750e+03 	 -2.741611e-17 	 -6.651675e-17
-9.812500e+03 	 -2.763210e-17 	 -6.809479e-17
-9.781250e+03 	 -2.783770e-17 	 -6.971673e-17
-9.750000e+03 	 -2.803216e-17 	 -7.138280e-17
-9.718750e+03 	 -2.821468e-17 	 -7.309333e-17
-9.687500e+03 	 -2.838447e-17 	 -7.484886e-17
-9.656250e+03 	 -2.854069e-17 	 -7.665006e-17
-9.625000e+03 	 -2.868248e-17 	 -7.849778e-17
-9.593750e+03 	 -2.880892e-17 	 -8.039298e-17
-9.562500e+03 	 -2.891905e-17 	 -8.233681e-17
-9.531250e+03 	 -2.901184e-17 	 -8.433053e-17
-9.500000e+03 	 -2.908620e-17 	 -8.637555e-17
-9.468750e+03 	 -2.914096e-17 	 -8.847341e-17
-9.437500e+03 	 -2.917484e-17 	 -9.062562e-17
-9.406250e+03 	 -2.918649e-17 	 -9.283346e-17
-9.375000e+03 	 -2.917454e-17 	 -9.509824e-17
-9.343750e+03 	 -2.913761e-17 	 -9.742120e-17
-9.312500e+03 	 -2.907433e-17 	 -9.980360e-17
-9.281250e+03 	 -2.898331e-17 	 -1.022467e-16
-9.250000e+03 	 -2.886318e-17 	 -1.047517e-16
-9.218750e+03 	 -2.871256e-17 	 -1.073197e-16
-9.187500e+03 	 -2.853007e-17 	 -1.099521e-16
-9.156250e+03 	 -2.831436e-17 	 -1.126498e-16
-9.125000e+03 	 -2.806404e-17 	 -1.154141e-16
-9.093750e+03 	 -2.777745e-17 	 -1.182462e-16
-9.062500e+03 	 -2.745264e-17 	 -1.211474e-16
-9.031250e+03 	 -2.708764e-17 	 -1.241192e-16
-9.000000e+03 	 -2.668044e-17 	 -1.271630e-16
-8.968750e+03 	 -2.622898e-17 	 -1.302804e-16
-8.937500e+03 	 -2.573118e-17 	 -1.334727e-16
-8.906250e+03 	 -2.518493e-17 	 -1.367416e-16
-8.875000e+03 	 -2.458807e-17 	 -1.400886e-16
-8.843750e+03 	 -2.393839e-17 	 -1.435153e-16
-8.812500e+03 	 -2.323366e-17 	 -1.470233e-16
-8.781250e+03 	 -2.247150e-17 	 -1.506143e-16
-8.750000e+03 	 -2.164918e-17 	 -1.542899e-16
-8.718750e+03 	 -2.076388e-17 	 -1.580515e-16
-8.687500e+03 	 -1.981274e-17 	 -1.619007e-16
-8.656250e+03 	 -1.879287e-17 	 -1.658392e-16
-8.625000e+03 	 -1.770133e-17 	 -1.698685e-16
-8.593750e+03 	 -1.653514e-17 	 -1.739901e-16
-8.562500e+03 	 -1.529131e-17 	 -1.782059e-16
-8.531250e+03 	 -1.396679e-17 	 -1.825173e-16
-8.500000e+03 	 -1.255848e-17 	 -1.869260e-16
-8.468750e+03 	 -1.106319e-17 	 -1.914338e-16
-8.437500e+03 	 -9.477223e-18 	 -1.960422e-16
-8.406250e+03 	 -7.796624e-18 	 -2.007528e-16
-8.375000e+03 	 -6.017392e-18 	 -2.055674e-16
-8.343750e+03 	 -4.135463e-18 	 -2.104875e-16
-8.312500e+03 	 -2.146716e-18 	 -2.155149e-16
-8.281250e+03 	 -4.696952e-20 	 -2.206514e-16
-8.250000e+03 	 2.168019e-18 	 -2.258985e-16
-8.218750e+03 	 4.502554e-18 	 -2.312581e-16
-8.187500e+03 	 6.961003e-18 	 -2.367320e-16
-8.156250e+03 	 9.547889e-18 	 -2.423220e-16
-8.125000e+03 	 1.226836e-17 	 -2.480296e-16
-8.093750e+03 	 1.512785e-17 	 -2.538565e-16
-8.062500e+03 	 1.813185e-17 	 -2.598042e-16
-8.031250e+03 	 2.128597e-17 	 -2.658743e-16
-8.000000e+03 	 2.459587e-17 	 -2.720684e-16
-7.968750e+03 	 2.806729e-17 	 -2.783882e-16
-7.937500e+03 	 3.170608e-17 	 -2.848353e-16
-7.906250e+03 	 3.551815e-17 	 -2.914114e-16
-7.875000e+03 	 3.950949e-17 	 -2.981182e-16
-7.843750e+03 	 4.368648e-17 	 -3.049574e-16
-7.812500e+03 	 4.805627e-17 	 -3.119301e-16
-7.781250e+03 	 5.262625e-17 	 -3.190378e-16
-7.750000e+03 	 5.740392e-17 	 -3.262816e-16
-7.718750e+03 	 6.239690e-17 	 -3.336630e-16
-7.687500e+03 	 6.761291e-17 	 -3.411832e-16
-7.656250e+03 	 7.305978e-17 	 -3.488436e-16
-7.625000e+03 	 7.874547e-17 	 -3.566455e-16
-7.593750e+03 	 8.467804e-17 	 -3.645903e-16
-7.562500e+03 	 9.086576e-17 	 -3.726793e-16
-7.531250e+03 	 9.731777e-17 	 -3.809135e-16
-7.500000e+03 	 1.040438e-16 	 -3.892935e-16
-7.468750e+03 	 1.110539e-16 	 -3.978198e-16
-7.437500e+03 	 1.183581e-16 	 -4.064931e-16
-7.406250e+03 	 1.259667e-16 	 -4.153140e-16
-7.375000e+03 	 1.338900e-16 	 -4.242831e-16
-7.343750e+03 	 1.421386e-16 	 -4.334010e-16
-7.312500e+03 	 1.507233e-16 	 -4.426683e-16
-7.281250e+03 	 1.596549e-16 	 -4.520856e-16
-7.250000e+03 	 1.689451e-16 	 -4.616530e-16
-7.218750e+03 	 1.786067e-16 	 -4.713699e-16
-7.187500e+03 	 1.886528e-16 	 -4.812354e-16
-7.156250e+03 	 1.990964e-16 	 -4.912490e-16
-7.125000e+03 	 2.099511e-16 	 -5.014098e-16
-7.093750e+03 	 2.212303e-16 	 -5.117171e-16
-7.062500e+03 	 2.329480e-16 	 -5.221700e-16
-7.031250e+03 	 2.451181e-16 	 -5.327679e-16
-7.000000e+03 	 2.577549e-16 	 -5.435097e-16
-6.968750e+03 	 2.708737e-16 	 -5.543937e-16
-6.937500e+03 	 2.844906e-16 	 -5.654172e-16
-6.906250e+03 	 2.986222e-16 	 -5.765770e-16
-6.875000e+03 	 3.132856e-16 	 -5.878702e-16
-6.843750e+03 	 3.284977e-16 	 -5.992937e-16
-6.812500e+03 	 3.442760e-16 	 -6.108442e-16
-6.781250e+03 	 3.606382e-16 	 -6.225185e-16
-6.750000e+03 	 3.776021e-16 	 -6.343133e-16
-6.718750e+03 	 3.951861e-16 	 -6.462251e-16
-6.687500e+03 	 4.134095e-16 	 -6.582487e-16
-6.656250e+03 	 4.322923e-16 	 -6.703777e-16
-6.625000e+03 	 4.518551e-16 	 -6.826056e-16
-6.593750e+03 	 4.721186e-16 	 -6.949256e-16
-6.562500e+03 	 4.931040e-16 	 -7.073310e-16
-6.531250e+03 	 5.148325e-16 	 -7.198147e-16
-6.500000e+03 	 5.373261e-16 	 -7.323696e-16
-6.468750e+03 	 5.606069e-16 	 -7.449886e-16
-6.437500e+03 	 5.846973e-16 	 -7.576635e-16
-6.406250e+03 	 6.096205e-16 	 -7.703839e-16
-6.375000e+03 	 6.353998e-16 	 -7.831383e-16
-6.343750e+03 	 6.620590e-16 	 -7.959154e-16
-6.312500e+03 	 6.896225e-16 	 -8.087035e-16
-6.281250e+03 	 7.181147e-16 	 -8.214907e-16
-6.250000e+03 	 7.475606e-16 	 -8.342649e-16
-6.218750e+03 	 7.779855e-16 	 -8.470137e-16
-6.187500e+03 	 8.094153e-16 	 -8.597243e-16
-6.156250e+03 	 8.418748e-16 	 -8.723819e-16
-6.125000e+03 	 8.753891e-16 	 -8.849705e-16
-6.093750e+03 	 9.099833e-16 	 -8.974737e-16
-6.062500e+03 	 9.456833e-16 	 -9.098747e-16
-6.031250e+03 	 9.825150e-16 	 -9.221566e-16
-6.000000e+03 	 1.020505e-15 	 -9.343021e-16
-5.968750e+03 	 1.059680e-15 	 -9.462933e-16
-5.937500e+03 	 1.100068e-15 	 -9.581125e-16
-5.906250e+03 	 1.141694e-15 	 -9.697415e-16
-5.875000e+03 	 1.184582e-15 	 -9.811621e-16
-5.843750e+03 	 1.228757e-15 	 -9.923556e-16
-5.812500e+03 	 1.274245e-15 	 -1.003303e-15
-5.781250e+03 	 1.321071e-15 	 -1.013985e-15
-5.750000e+03 	 1.369261e-15 	 -1.024382e-15
-5.718750e+03 	 1.418841e-15 	 -1.034475e-15
-5.687500e+03 	 1.469837e-15 	 -1.044242e-15
-5.656250e+03 	 1.522276e-15 	 -1.053669e-15
-5.625000e+03 	 1.576180e-15 	 -1.062743e-15
-5.593750e+03 	 1.631575e-15 	 -1.071451e-15
-5.562500e+03 	 1.688485e-15 	 -1.079781e-15
-5.531250e+03 	 1.746935e-15 	 -1.087720e-15
-5.500000e+03 	 1.806952e-15 	 -1.095254e-15
-5.468750e+03 	 1.868560e-15 	 -1.102371e-15
-5.437500e+03 	 1.931787e-15 	 -1.109058e-15
-5.406250e+03 	 1.996664e-15 	 -1.115321e-15
-5.375000e+03 	 2.063224e-15 	 -1.121168e-15
-5.343750e+03 	 2.131499e-15 	 -1.126609e-15
-5.312500e+03 	 2.201523e-15 	 -1.131653e-15
-5.281250e+03 	 2.273331e-15 	 -1.136310e-15
-5.250000e+03 	 2.346956e-15 	 -1.140589e-15
-5.218750e+03 	 2.422436e-15 	 -1.144503e-15
-5.187500e+03 	 2.499819e-15 	 -1.148077e-15
-5.156250e+03 	 2.579173e-15 	 -1.151360e-15
-5.125000e+03 	 2.660570e-15 	 -1.154406e-15
-5.093750e+03 	 2.744081e-15 	 -1.157267e-15
-5.062500e+03 	 2.829780e-15 	 -1.159996e-15
-5.031250e+03 	 2.917742e-15 	 -1.162649e-15
-5.000000e+03 	 3.008041e-15 	 -1.165283e-15
-4.968750e+03 	 3.100775e-15 	 -1.167964e-15
-4.937500e+03 	 3.196102e-15 	 -1.170790e-15
-4.906250e+03 	 3.294196e-15 	 -1.173870e-15
-4.875000e+03 	 3.395236e-15 	 -1.177312e-15
-4.843750e+03 	 3.499404e-15 	 -1.181228e-15
-4.812500e+03 	 3.606885e-15 	 -1.185733e-15
-4.781250e+03 	 3.717869e-15 	 -1.190943e-15
-4.750000e+03 	 3.832572e-15 	 -1.196980e-15
-4.718750e+03 	 3.951343e-15 	 -1.203973e-15
-4.687500e+03 	 4.074583e-15 	 -1.212060e-15
-4.656250e+03 	 4.202699e-15 	 -1.221378e-15
-4.625000e+03 	 4.336109e-15 	 -1.232071e-15
-4.593750e+03 	 4.475238e-15 	 -1.244283e-15
-4.562500e+03 	 4.620521e-15 	 -1.258162e-15
-4.531250e+03 	 4.772445e-15 	 -1.273845e-15
-4.500000e+03 	 4.931731e-15 	 -1.291392e-15
-4.468750e+03 	 5.099183e-15 	 -1.310839e-15
-4.437500e+03 	 5.275626e-15 	 -1.332225e-15
-4.406250e+03 	 5.461899e-15 	 -1.355586e-15
-4.375000e+03 	 5.658863e-15 	 -1.380964e-15
-4.343750e+03 	 5.867393e-15 	 -1.408396e-15
-4.312500e+03 	 6.088498e-15 	 -1.437824e-15
-4.281250e+03 	 6.323512e-15 	 -1.468909e-15
-4.250000e+03 	 6.573852e-15 	 -1.501259e-15
-4.218750e+03 	 6.840966e-15 	 -1.534470e-15
-4.187500e+03 	 7.126336e-15 	 -1.568130e-15
-4.156250e+03 	 7.431474e-15 	 -1.601817e-15
-4.125000e+03 	 7.757938e-15 	 -1.635079e-15
-4.093750e+03 	 8.107540e-15 	 -1.666981e-15
-4.062500e+03 	 8.482363e-15 	 -1.696083e-15
-4.031250e+03 	 8.884549e-15 	 -1.720892e-15
-4.000000e+03 	 9.316283e-15 	 -1.739877e-15
-3.968750e+03 	 9.779803e-15 	 -1.751473e-15
-3.937500e+03 	 1.027740e-14 	 -1.754076e-15
-3.906250e+03 	 1.081142e-14 	 -1.745701e-15
-3.875000e+03 	 1.138435e-14 	 -1.723059e-15
-3.843750e+03 	 1.199872e-14 	 -1.682493e-15
-3.812500e+03 	 1.265715e-14 	 -1.620263e-15
-3.781250e+03 	 1.336228e-14 	 -1.532535e-15
-3.750000e+03 	 1.411684e-14 	 -1.415386e-15
-3.718750e+03 	 1.492355e-14 	 -1.264600e-15
-3.687500e+03 	 1.578454e-14 	 -1.074029e-15
-3.656250e+03 	 1.670164e-14 	 -8.363843e-16
-3.625000e+03 	 1.767672e-14 	 -5.441902e-16
-3.593750e+03 	 1.871171e-14 	 -1.897892e-16
-3.562500e+03 	 1.980854e-14 	 2.346627e-16
-3.531250e+03 	 2.096910e-14 	 7.373407e-16
-3.500000e+03 	 2.219339e-14 	 1.328788e-15
-3.468750e+03 	 2.347994e-14 	 2.021516e-15
-3.437500e+03 	 2.482717e-14 	 2.828391e-15
-3.406250e+03 	 2.623347e-14 	 3.762596e-15
-3.375000e+03 	 2.769716e-14 	 4.837642e-15
-3.343750e+03 	 2.921624e-14 	 6.067527e-15
-3.312500e+03 	 3.078429e-14 	 7.468825e-15
-3.281250e+03 	 3.239143e-14 	 9.060215e-15
-3.250000e+03 	 3.402748e-14 	 1.086088e-14
-3.218750e+03 	 3.568192e-14 	 1.289050e-14
-3.187500e+03 	 3.734399e-14 	 1.516922e-14
-3.156250e+03 	 3.900151e-14 	 1.771784e-14
-3.125000e+03 	 4.063278e-14 	 2.055861e-14
-3.093750e+03 	 4.221111e-14 	 2.371481e-14
-3.062500e+03 	 4.370907e-14 	 2.721032e-14
-3.031250e+03 	 4.509848e-14 	 3.106960e-14
-3.000000e+03 	 4.635039e-14 	 3.531775e-14
-2.968750e+03 	 4.743012e-14 	 3.997915e-14
-2.937500e+03 	 4.828661e-14 	 4.507465e-14
-2.906250e+03 	 4.886445e-14 	 5.062480e-14
-2.875000e+03 	 4.910670e-14 	 5.665066e-14
-2.843750e+03 	 4.895489e-14 	 6.317380e-14
-2.812500e+03 	 4.834811e-14 	 7.021574e-14
-2.781250e+03 	 4.720779e-14 	 7.778699e-14
-2.750000e+03 	 4.543890e-14 	 8.588797e-14
-2.718750e+03 	 4.294324e-14 	 9.451865e-14
-2.687500e+03 	 3.961992e-14 	 1.036789e-13
-2.656250e+03 	 3.536524e-14 	 1.133686e-13
-2.625000e+03 	 3.006419e-14 	 1.235747e-13
-2.593750e+03 	 2.357596e-14 	 1.342507e-13
-2.562500e+03 	 1.575211e-14 	 1.453430e-13
-2.531250e+03 	 6.440040e-15 	 1.567962e-13
-2.500000e+03 	 -4.517099e-15 	 1.685535e-13
-2.468750e+03 	 -1.728317e-14 	 1.805459e-13
-2.437500e+03 	 -3.204215e-14 	 1.926413e-13
-2.406250e+03 	 -4.898891e-14 	 2.046815e-13
-2.375000e+03 	 -6.832383e-14 	 2.165033e-13
-2.343750e+03 	 -9.025291e-14 	 2.279387e-13
-2.312500e+03 	 -1.149874e-13 	 2.388048e-13
-2.281250e+03 	 -1.427384e-13 	 2.488247e-13
-2.250000e+03 	 -1.737203e-13 	 2.576655e-13
-2.218750e+03 	 -2.081531e-13 	 2.649838e-13
-2.187500e+03 	 -2.462632e-13 	 2.704259e-13
-2.156250e+03 	 -2.882778e-13 	 2.736141e-13
-2.125000e+03 	 -3.343816e-13 	 2.740382e-13
-2.093750e+03 	 -3.847372e-13 	 2.711066e-13
-2.062500e+03 	 -4.395117e-13 	 2.642090e-13
-2.031250e+03 	 -4.988763e-13 	 2.527161e-13
-2.000000e+03 	 -5.629908e-13 	 2.359540e-13
-1.968750e+03 	 -6.319185e-13 	 2.130685e-13
-1.937500e+03 	 -7.056848e-13 	 1.831172e-13
-1.906250e+03 	 -7.843147e-13 	 1.451281e-13
-1.875000e+03 	 -8.678331e-13 	 9.809908e-14
-1.843750e+03 	 -9.561914e-13 	 4.093141e-14
-1.812500e+03 	 -1.049118e-12 	 -2.770423e-14
-1.781250e+03 	 -1.146292e-12 	 -1.092157e-13
-1.750000e+03 	 -1.247379e-12 	 -2.050554e-13
-1.718750e+03 	 -1.352031e-12 	 -3.167286e-13
-1.687500e+03 	 -1.459867e-12 	 -4.459917e-13
-1.656250e+03 	 -1.570466e-12 	 -5.948816e-13
-1.625000e+03 	 -1.683392e-12 	 -7.655126e-13
-1.593750e+03 	 -1.798190e-12 	 -9.600670e-13
-1.562500e+03 	 -1.914199e-12 	 -1.180938e-12
-1.531250e+03 	 -2.029813e-12 	 -1.431265e-12
-1.500000e+03 	 -2.143098e-12 	 -1.714490e-12
-1.468750e+03 	 -2.252051e-12 	 -2.034170e-12
-1.437500e+03 	 -2.354700e-12 	 -2.394047e-12
-1.406250e+03 	 -2.450932e-12 	 -2.799342e-12
-1.375000e+03 	 -2.542386e-12 	 -3.256676e-12
-1.343750e+03 	 -2.630821e-12 	 -3.772944e-12
-1.312500e+03 	 -2.718014e-12 	 -4.355294e-12
-1.281250e+03 	 -2.799730e-12 	 -5.013398e-12
-1.250000e+03 	 -2.859578e-12 	 -5.761769e-12
-1.218750e+03 	 -2.879165e-12 	 -6.615962e-12
-1.187500e+03 	 -2.839420e-12 	 -7.592085e-12
-1.156250e+03 	 -2.732783e-12 	 -8.710277e-12
-1.125000e+03 	 -2.592357e-12 	 -1.000301e-11
-1.093750e+03 	 -2.461084e-12 	 -1.150636e-11
-1.062500e+03 	 -2.383545e-12 	 -1.325775e-11
-1.031250e+03 	 -2.356381e-12 	 -1.530266e-11
-1.000000e+03 	 -2.164867e-12 	 -1.771691e-11
-9.687500e+02 	 -1.529779e-12 	 -2.058674e-11
-9.375000e+02 	 -1.610449e-13 	 -2.400167e-11
-9.062500e+02 	 2.068695e-12 	 -2.806896e-11
-8.750000e+02 	 4.601435e-12 	 -3.295698e-11
-8.437500e+02 	 6.685554e-12 	 -3.885476e-11
-8.125000e+02 	 7.541007e-12 	 -4.595871e-11
-7.812500e+02 	 7.537786e-12 	 -5.452686e-11
-7.500000e+02 	 1.031365e-11 	 -6.497609e-11
-7.187500e+02 	 2.020984e-11 	 -7.776519e-11
-6.875000e+02 	 4.162235e-11 	 -9.337378e-11
-6.562500e+02 	 7.254671e-11 	 -1.124382e-10
-6.250000e+02 	 1.010643e-10 	 -1.358262e-10
-5.937500e+02 	 1.139524e-10 	 -1.644572e-10
-5.625000e+02 	 1.013563e-10 	 -1.993655e-10
-5.312500e+02 	 9.892088e-11 	 -2.425289e-10
-5.000000e+02 	 1.736620e-10 	 -2.965932e-10
-4.687500e+02 	 3.959613e-10 	 -3.643255e-10
-4.375000e+02 	 7.812965e-10 	 -4.489138e-10
-4.062500e+02 	 1.159988e-09 	 -5.546610e-10
-3.750000e+02 	 1.317627e-09 	 -6.862511e-10
-3.437500e+02 	 1.071679e-09 	 -8.490311e-10
-3.125000e+02 	 9.168357e-10 	 -1.056182e-09
-2.812500e+02 	 1.935332e-09 	 -1.327726e-09
-2.500000e+02 	 5.270741e-09 	 -1.684716e-09
-2.187500e+02 	 1.083570e-08 	 -2.142132e-09
-1.875000e+02 	 1.536042e-08 	 -2.698341e-09
-1.562500e+02 	 1.493333e-08 	 -3.349055e-09
-1.250000e+02 	 6.343925e-09 	 -4.079968e-09
-9.375000e+01 	 -7.871217e-09 	 -4.811433e-09
-6.250000e+01 	 -2.266232e-08 	 -5.434211e-09
-3.125000e+01 	 -3.295888e-08 	 -5.839154e-09
0.000000e+00 	 -3.642449e-08 	 -5.975105e-09
3.125000e+01 	 -3.295888e-08 	 -5.839154e-09
6.250000e+01 	 -2.266232e-08 	 -5.434211e-09
9.375000e+01 	 -7.871217e-09 	 -4.811433e-09
1.250000e+02 	 6.343925e-09 	 -4.079968e-09
1.562500e+02 	 1.493333e-08 	 -3.349055e-09
1.875000e+02 	 1.536042e-08 	 -2.698341e-09
2.187500e+02 	 1.083570e-08 	 -2.142132e-09
2.500000e+02 	 5.270741e-09 	 -1.684716e-09
2.812500e+02 	 1.935332e-09 	 -1.327726e-09
3.125000e+02 	 9.168357e-10 	 -1.056182e-09
3.437500e+02 	 1.071679e-09 	 -8.490311e-10
3.750000e+02 	 1.317627e-09 	 -6.862511e-10
4.062500e+02 	 1.159988e-09 	 -5.546610e-10
4.375000e+02 	 7.812965e-10 	 -4.489138e-10
4.687500e+02 	 3.959613e-10 	 -3.643255e-10
5.000000e+02 	 1.736620e-10 	 -2.965932e-10
5.312500e+02 	 9.892088e-11 	 -2.425289e-10
5.625000e+02 	 1.013563e-10 	 -1.993655e-10
5.937500e+02 	 1.139524e-10 	 -1.644572e-10
6.250000e+02 	 1.010643e-10 	 -1.358262e-10
6.562500e+02 	 7.254671e-11 	 -1.124382e-10
6.875000e+02 	 4.162235e-11 	 -9.337378e-11
7.187500e+02 	 2.020984e-11 	 -7.776519e-11
7.500000e+02 	 1.031365e-11 	 -6.497609e-11
7.812500e+02 	 7.537786e-12 	 -5.452686e-11
8.125000e+02 	 7.541007e-12 	 -4.595871e-11
8.437500e+02 	 6.685554e-12 	 -3.885476e-11
8.750000e+02 	 4.601435e-12 	 -3.295698e-11
9.062500e+02 	 2.068695e-12 	 -2.806896e-11
9.375000e+02 	 -1.610449e-13 	 -2.400167e-11
9.687500e+02 	 -1.529779e-12 	 -2.058674e-11
1.000000e+03 	 -2.164867e-12 	 -1.771691e-11
1.031250e+03 	 -2.356381e-12 	 -1.530266e-11
1.062500e+03 	 -2.383545e-12 	 -1.325775e-11
1.093750e+03 	 -2.461084e-12 	 -1.150636e-11
1.125000e+03 	 -2.592357e-12 	 -1.000301e-11
1.156250e+03 	 -2.732783e-12 	 -8.710277e-12
1.187500e+03 	 -2.839420e-12 	 -7.592085e-12
1.218750e+03 	 -2.879165e-12 	 -6.615962e-12
1.250000e+03 	 -2.859578e-12 	 -5.761769e-12
1.281250e+03 	 -2.799730e-12 	 -5.013398e-12
1.312500e+03 	 -2.718014e-12 	 -4.355294e-12
1.343750e+03 	 -2.630821e-12 	 -3.772944e-12
1.375000e+03 	 -2.542386e-12 	 -3.256676e-12
1.406250e+03 	 -2.450932e-12 	 -2.799342e-12
1.437500e+03 	 -2.354700e-12 	 -2.394047e-12
1.468750e+03 	 -2.252051e-12 	 -2.034170e-12
1.500000e+03 	 -2.143098e-12 	 -1.714490e-12
1.531250e+03 	 -2.029813e-12 	 -1.431265e-12
1.562500e+03 	 -1.914199e-12 	 -1.180938e-12
1.593750e+03 	 -1.798190e-12 	 -9.600670e-13
1.625000e+03 	 -1.683392e-12 	 -7.655126e-13
1.656250e+03 	 -1.570466e-12 	 -5.948816e-13
1.687500e+03 	 -1.459867e-12 	 -4.459917e-13
1.718750e+03 	 -1.352031e-12 	 -3.167287e-13
1.750000e+03 	 -1.247379e-12 	 -2.050554e-13
1.781250e+03 	 -1.146292e-12 	 -1.092157e-13
1.812500e+03 	 -1.049118e-12 	 -2.770424e-14
1.843750e+03 	 -9.561914e-13 	 4.093140e-14
1.875000e+03 	 -8.678331e-13 	 9.809906e-14
1.906250e+03 	 -7.843147e-13 	 1.451281e-13
1.937500e+03 	 -7.056848e-13 	 1.831171e-13
1.968750e+03 	 -6.319185e-13 	 2.130685e-13
2.000000e+03 	 -5.629908e-13 	 2.359540e-13
2.031250e+03 	 -4.988763e-13 	 2.527161e-13
2.062500e+03 	 -4.395117e-13 	 2.642090e-13
2.093750e+03 	 -3.847372e-13 	 2.711066e-13
2.125000e+03 	 -3.343816e-13 	 2.740382e-13
2.156250e+03 	 -2.882778e-13 	 2.736140e-13
2.187500e+03 	 -2.462632e-13 	 2.704258e-13
2.218750e+03 	 -2.081531e-13 	 2.649838e-13
2.250000e+03 	 -1.737203e-13 	 2.576655e-13
2.281250e+03 	 -1.427384e-13 	 2.488247e-13
2.312500e+03 	 -1.149874e-13 	 2.388048e-13
2.343750e+03 	 -9.025291e-14 	 2.279387e-13
2.375000e+03 	 -6.832383e-14 	 2.165033e-13
2.406250e+03 	 -4.898891e-14 	 2.046815e-13
2.437500e+03 	 -3.204215e-14 	 1.926413e-13
2.468750e+03 	 -1.728317e-14 	 1.805459e-13
2.500000e+03 	 -4.517099e-15 	 1.685535e-13
2.531250e+03 	 6.440040e-15 	 1.567962e-13
2.562500e+03 	 1.575211e-14 	 1.453430e-13
2.593750e+03 	 2.357596e-14 	 1.342507e-13
2.625000e+03 	 3.006419e-14 	 1.235747e-13
2.656250e+03 	 3.536524e-14 	 1.133686e-13
2.687500e+03 	 3.961992e-14 	 1.036789e-13
2.718750e+03 	 4.294324e-14 	 9.451864e-14
2.750000e+03 	 4.543890e-14 	 8.588795e-14
2.781250e+03 	 4.720779e-14 	 7.778697e-14
2.812500e+03 	 4.834810e-14 	 7.021572e-14
2.843750e+03 	 4.895489e-14 	 6.317379e-14
2.875000e+03 	 4.910670e-14 	 5.665064e-14
2.906250e+03 	 4.886445e-14 	 5.062478e-14
2.937500e+03 	 4.828661e-14 	 4.507463e-14
2.968750e+03 	 4.743012e-14 	 3.997914e-14
3.000000e+03 	 4.635039e-14 	 3.531774e-14
3.031250e+03 	 4.509848e-14 	 3.106959e-14
3.062500e+03 	 4.370907e-14 	 2.721030e-14
3.093750e+03 	 4.221111e-14 	 2.371479e-14
3.125000e+03 	 4.063277e-14 	 2.055859e-14
3.156250e+03 	 3.900150e-14 	 1.771782e-14
3.187500e+03 	 3.734399e-14 	 1.516920e-14
3.218750e+03 	 3.568192e-14 	 1.289048e-14
3.250000e+03 	 3.402747e-14 	 1.086087e-14
3.281250e+03 	 3.239143e-14 	 9.060198e-15
3.312500e+03 	 3.078428e-14 	 7.468808e-15
3.343750e+03 	 2.921624e-14 	 6.067510e-15
3.375000e+03 	 2.769716e-14 	 4.837625e-15
3.406250e+03 	 2.623347e-14 	 3.762579e-15
3.437500e+03 	 2.482717e-14 	 2.828373e-15
3.468750e+03 	 2.347994e-14 	 2.021499e-15
3.500000e+03 	 2.219339e-14 	 1.328771e-15
3.531250e+03 	 2.096910e-14 	 7.373233e-16
3.562500e+03 	 1.980854e-14 	 2.346452e-16
3.593750e+03 	 1.871171e-14 	 -1.898067e-16
3.625000e+03 	 1.767672e-14 	 -5.442078e-16
3.656250e+03 	 1.670164e-14 	 -8.364020e-16
3.687500e+03 	 1.578454e-14 	 -1.074047e-15
3.718750e+03 	 1.492355e-14 	 -1.264618e-15
3.750000e+03 	 1.411684e-14 	 -1.415404e-15
3.781250e+03 	 1.336228e-14 	 -1.532553e-15
3.812500e+03 	 1.265714e-14 	 -1.620281e-15
3.843750e+03 	 1.199872e-14 	 -1.682511e-15
3.875000e+03 	 1.138435e-14 	 -1.723077e-15
3.906250e+03 	 1.081142e-14 	 -1.745719e-15
3.937500e+03 	 1.027740e-14 	 -1.754094e-15
3.968750e+03 	 9.779802e-15 	 -1.751491e-15
4.000000e+03 	 9.316282e-15 	 -1.739895e-15
4.031250e+03 	 8.884547e-15 	 -1.720910e-15
4.062500e+03 	 8.482362e-15 	 -1.696102e-15
4.093750e+03 	 8.107538e-15 	 -1.666999e-15
4.125000e+03 	 7.757936e-15 	 -1.635098e-15
4.156250e+03 	 7.431473e-15 	 -1.601836e-15
4.187500e+03 	 7.126334e-15 	 -1.568149e-15
4.218750e+03 	 6.840965e-15 	 -1.534489e-15
4.250000e+03 	 6.573850e-15 	 -1.501278e-15
4.281250e+03 	 6.323510e-15 	 -1.468928e-15
4.312500e+03 	 6.088496e-15 	 -1.437843e-15
4.343750e+03 	 5.867392e-15 	 -1.408415e-15
4.375000e+03 	 5.658861e-15 	 -1.380983e-15
4.406250e+03 	 5.461898e-15 	 -1.355605e-15
4.437500e+03 	 5.275624e-15 	 -1.332244e-15
4.468750e+03 	 5.099182e-15 	 -1.310858e-15
4.500000e+03 	 4.931729e-15 	 -1.291411e-15
4.531250e+03 	 4.772443e-15 	 -1.273864e-15
4.562500e+03 	 4.620519e-15 	 -1.258181e-15
4.593750e+03 	 4.475237e-15 	 -1.244302e-15
4.625000e+03 	 4.336107e-15 	 -1.232090e-15
4.656250e+03 	 4.202697e-15 	 -1.221397e-15
4.687500e+03 	 4.074581e-15 	 -1.212079e-15
4.718750e+03 	 3.951341e-15 	 -1.203993e-15
4.750000e+03 	 3.832570e-15 	 -1.196999e-15
4.781250e+03 	 3.717867e-15 	 -1.190963e-15
4.812500e+03 	 3.606883e-15 	 -1.185752e-15
4.843750e+03 	 3.499402e-15 	 -1.181247e-15
4.875000e+03 	 3.395234e-15 	 -1.177331e-15
4.906250e+03 	 3.294194e-15 	 -1.173889e-15
4.937500e+03 	 3.196100e-15 	 -1.170810e-15
4.968750e+03 	 3.100773e-15 	 -1.167983e-15
5.000000e+03 	 3.008039e-15 	 -1.165303e-15
5.031250e+03 	 2.917739e-15 	 -1.162669e-15
5.062500e+03 	 2.829778e-15 	 -1.160016e-15
5.093750e+03 	 2.744079e-15 	 -1.157286e-15
5.125000e+03 	 2.660568e-15 	 -1.154426e-15
5.156250e+03 	 2.579171e-15 	 -1.151380e-15
5.187500e+03 	 2.499816e-15 	 -1.148096e-15
5.218750e+03 	 2.422433e-15 	 -1.144522e-15
5.250000e+03 	 2.346954e-15 	 -1.140609e-15
5.281250e+03 	 2.273328e-15 	 -1.136329e-15
5.312500e+03 	 2.201521e-15 	 -1.131672e-15
5.343750e+03 	 2.131496e-15 	 -1.126628e-15
5.375000e+03 	 2.063221e-15 	 -1.121187e-15
5.406250e+03 	 1.996661e-15 	 -1.115340e-15
5.437500e+03 	 1.931784e-15 	 -1.109078e-15
5.468750e+03 	 1.868557e-15 	 -1.102390e-15
5.500000e+03 	 1.806949e-15 	 -1.095274e-15
5.531250e+03 	 1.746933e-15 	 -1.087740e-15
5.562500e+03 	 1.688482e-15 	 -1.079801e-15
5.593750e+03 	 1.631572e-15 	 -1.071471e-15
5.625000e+03 	 1.576177e-15 	 -1.062762e-15
5.656250e+03 	 1.522273e-15 	 -1.053688e-15
5.687500e+03 	 1.469834e-15 	 -1.044262e-15
5.718750e+03 	 1.418838e-15 	 -1.034494e-15
5.750000e+03 	 1.369258e-15 	 -1.024402e-15
5.781250e+03 	 1.321068e-15 	 -1.014005e-15
5.812500e+03 	 1.274242e-15 	 -1.003323e-15
5.843750e+03 	 1.228754e-15 	 -9.923754e-16
5.875000e+03 	 1.184579e-15 	 -9.811819e-16
5.906250e+03 	 1.141691e-15 	 -9.697613e-16
5.937500e+03 	 1.100065e-15 	 -9.581323e-16
5.968750e+03 	 1.059677e-15 	 -9.463131e-16
6.000000e+03 	 1.020502e-15 	 -9.343218e-16
6.031250e+03 	 9.825120e-16 	 -9.221764e-16
6.062500e+03 	 9.456803e-16 	 -9.098945e-16
6.093750e+03 	 9.099803e-16 	 -8.974935e-16
6.125000e+03 	 8.753861e-16 	 -8.849903e-16
6.156250e+03 	 8.418718e-16 	 -8.724017e-16
6.187500e+03 	 8.094122e-16 	 -8.597440e-16
6.218750e+03 	 7.779825e-16 	 -8.470334e-16
6.250000e+03 	 7.475575e-16 	 -8.342846e-16
6.281250e+03 	 7.181116e-16 	 -8.215104e-16
6.312500e+03 	 6.896194e-16 	 -8.087232e-16
6.343750e+03 	 6.620560e-16 	 -7.959351e-16
6.375000e+03 	 6.353967e-16 	 -7.831580e-16
6.406250e+03 	 6.096174e-16 	 -7.704035e-16
6.437500e+03 	 5.846943e-16 	 -7.576831e-16
6.468750e+03 	 5.606039e-16 	 -7.450082e-16
6.500000e+03 	 5.373231e-16 	 -7.323892e-16
6.531250e+03 	 5.148295e-16 	 -7.198342e-16
6.562500e+03 	 4.931009e-16 	 -7.073505e-16
6.593750e+03 	 4.721156e-16 	 -6.949452e-16
6.625000e+03 	 4.518521e-16 	 -6.826252e-16
6.656250e+03 	 4.322893e-16 	 -6.703973e-16
6.687500e+03 	 4.134065e-16 	 -6.582682e-16
6.718750e+03 	 3.951831e-16 	 -6.462446e-16
6.750000e+03 	 3.775991e-16 	 -6.343328e-16
6.781250e+03 	 3.606352e-16 	 -6.225380e-16
6.812500e+03 	 3.442730e-16 	 -6.108636e-16
6.843750e+03 	 3.284947e-16 	 -5.993131e-16
6.875000e+03 	 3.132826e-16 	 -5.878897e-16
6.906250e+03 	 2.986193e-16 	 -5.765965e-16
6.937500e+03 	 2.844876e-16 	 -5.654366e-16
6.968750e+03 	 2.708708e-16 	 -5.544132e-16
7.000000e+03 	 2.577521e-16 	 -5.435291e-16
7.031250e+03 	 2.451152e-16 	 -5.327873e-16
7.062500e+03 	 2.329451e-16 	 -5.221895e-16
7.093750e+03 	 2.212275e-16 	 -5.117365e-16
7.125000e+03 	 2.099482e-16 	 -5.014292e-16
7.156250e+03 	 1.990936e-16 	 -4.912684e-16
7.187500e+03 	 1.886500e-16 	 -4.812548e-16
7.218750e+03 	 1.786040e-16 	 -4.713893e-16
7.250000e+03 	 1.689424e-16 	 -4.616724e-16
7.281250e+03 	 1.596522e-16 	 -4.521050e-16
7.312500e+03 	 1.507206e-16 	 -4.426877e-16
7.343750e+03 	 1.421360e-16 	 -4.334204e-16
7.375000e+03 	 1.338874e-16 	 -4.243025e-16
7.406250e+03 	 1.259641e-16 	 -4.153334e-16
7.437500e+03 	 1.183555e-16 	 -4.065125e-16
7.468750e+03 	 1.110514e-16 	 -3.978392e-16
7.500000e+03 	 1.040413e-16 	 -3.893129e-16
7.531250e+03 	 9.731526e-17 	 -3.809329e-16
7.562500e+03 	 9.086328e-17 	 -3.726987e-16
7.593750e+03 	 8.467559e-17 	 -3.646097e-16
7.625000e+03 	 7.874304e-17 	 -3.566649e-16
7.656250e+03 	 7.305738e-17 	 -3.488630e-16
7.687500e+03 	 6.761054e-17 	 -3.412026e-16
7.718750e+03 	 6.239456e-17 	 -3.336824e-16
7.750000e+03 	 5.740160e-17 	 -3.263010e-16
7.781250e+03 	 5.262396e-17 	 -3.190572e-16
7.812500e+03 	 4.805400e-17 	 -3.119495e-16
7.843750e+03 	 4.368424e-17 	 -3.049768e-16
7.875000e+03 	 3.950729e-17 	 -2.981377e-16
7.906250e+03 	 3.551597e-17 	 -2.914309e-16
7.937500e+03 	 3.170394e-17 	 -2.848548e-16
7.968750e+03 	 2.806518e-17 	 -2.784077e-16
8.000000e+03 	 2.459379e-17 	 -2.720879e-16
8.031250e+03 	 2.128392e-17 	 -2.658938e-16
8.062500e+03 	 1.812984e-17 	 -2.598237e-16
8.093750e+03 	 1.512586e-17 	 -2.538760e-16
8.125000e+03 	 1.226641e-17 	 -2.480492e-16
8.156250e+03 	 9.545973e-18 	 -2.423416e-16
8.187500e+03 	 6.959118e-18 	 -2.367516e-16
8.218750e+03 	 4.500700e-18 	 -2.312777e-16
8.250000e+03 	 2.166196e-18 	 -2.259181e-16
8.281250e+03 	 -4.876210e-20 	 -2.206710e-16
8.312500e+03 	 -2.148478e-18 	 -2.155346e-16
8.343750e+03 	 -4.137195e-18 	 -2.105071e-16
8.375000e+03 	 -6.019095e-18 	 -2.055870e-16
8.406250e+03 	 -7.798298e-18 	 -2.007725e-16
8.437500e+03 	 -9.478866e-18 	 -1.960618e-16
8.468750e+03 	 -1.106481e-17 	 -1.914535e-16
8.500000e+03 	 -1.256006e-17 	 -1.869457e-16
8.531250e+03 	 -1.396834e-17 	 -1.825370e-16
8.562500e+03 	 -1.529283e-17 	 -1.782256e-16
8.593750e+03 	 -1.653663e-17 	 -1.740099e-16
8.625000e+03 	 -1.770278e-17 	 -1.698882e-16
8.656250e+03 	 -1.879429e-17 	 -1.658590e-16
8.687500e+03 	 -1.981414e-17 	 -1.619205e-16
8.718750e+03 	 -2.076524e-17 	 -1.580713e-16
8.750000e+03 	 -2.165051e-17 	 -1.543097e-16
8.781250e+03 	 -2.247280e-17 	 -1.506342e-16
8.812500e+03 	 -2.323494e-17 	 -1.470432e-16
8.843750e+03 	 -2.393964e-17 	 -1.435352e-16
8.875000e+03 	 -2.458929e-17 	 -1.401085e-16
8.906250e+03 	 -2.518613e-17 	 -1.367615e-16
8.937500e+03 	 -2.573236e-17 	 -1.334927e-16
8.968750e+03 	 -2.623013e-17 	 -1.303003e-16
9.000000e+03 	 -2.668157e-17 	 -1.271830e-16
9.031250e+03 	 -2.708875e-17 	 -1.241392e-16
9.062500e+03 	 -2.745373e-17 	 -1.211674e-16
9.093750e+03 	 -2.777851e-17 	 -1.182662e-16
9.125000e+03 	 -2.806508e-17 	 -1.154341e-16
9.156250e+03 	 -2.831538e-17 	 -1.126699e-16
9.187500e+03 	 -2.853107e-17 	 -1.099722e-16
9.218750e+03 	 -2.871353e-17 	 -1.073399e-16
9.250000e+03 	 -2.886413e-17 	 -1.047718e-16
9.281250e+03 	 -2.898424e-17 	 -1.022668e-16
9.312500e+03 	 -2.907523e-17 	 -9.982378e-17
9.343750e+03 	 -2.913849e-17 	 -9.744140e-17
9.375000e+03 	 -2.917540e-17 	 -9.511846e-17
9.406250e+03 	 -2.918734e-17 	 -9.285371e-17
9.437500e+03 	 -2.917567e-17 	 -9.064588e-17
9.468750e+03 	 -2.914177e-17 	 -8.849370e-17
9.500000e+03 	 -2.908699e-17 	 -8.639585e-17
9.531250e+03 	 -2.901261e-17 	 -8.435085e-17
9.562500e+03 	 -2.891980e-17 	 -8.235715e-17
9.593750e+03 	 -2.880966e-17 	 -8.041334e-17
9.625000e+03 	 -2.868321e-17 	 -7.851815e-17
9.656250e+03 	 -2.854140e-17 	 -7.667045e-17
9.687500e+03 	 -2.838517e-17 	 -7.486926e-17
9.718750e+03 	 -2.821537e-17 	 -7.311374e-17
9.750000e+03 	 -2.803283e-17 	 -7.140322e-17
9.781250e+03 	 -2.783836e-17 	 -6.973718e-17
9.812500e+03 	 -2.763275e-17 	 -6.811524e-17
9.843750e+03 	 -2.741675e-17 	 -6.653722e-17
9.875000e+03 	 -2.719085e-17 	 -6.500268e-17
9.906250e+03 	 -2.695541e-17 	 -6.351070e-17
9.937500e+03 	 -2.671087e-17 	 -6.205988e-17
9.968750e+03 	 -2.645773e-17 	 -6.064856e-17
1.000000e+04 	 -2.619661e-17 	 -5.927484e-17
