iTx 	 iRx    ichrec  ifreq 	 emf_real 	 emf_imag
1 	 1 	 1 	 1 	 -2.987657e-17 	 5.651201e-17
1 	 2 	 1 	 1 	 -3.019685e-17 	 5.792735e-17
1 	 3 	 1 	 1 	 -3.051712e-17 	 5.934268e-17
1 	 4 	 1 	 1 	 -3.083740e-17 	 6.075801e-17
1 	 5 	 1 	 1 	 -3.115767e-17 	 6.217334e-17
1 	 6 	 1 	 1 	 -3.147795e-17 	 6.358868e-17
1 	 7 	 1 	 1 	 -3.174329e-17 	 6.520121e-17
1 	 8 	 1 	 1 	 -3.192747e-17 	 6.710512e-17
1 	 9 	 1 	 1 	 -3.211165e-17 	 6.900902e-17
1 	 10 	 1 	 1 	 -3.229584e-17 	 7.091293e-17
1 	 11 	 1 	 1 	 -3.248002e-17 	 7.281684e-17
1 	 12 	 1 	 1 	 -3.266420e-17 	 7.472074e-17
1 	 13 	 1 	 1 	 -3.284838e-17 	 7.662465e-17
1 	 14 	 1 	 1 	 -3.303256e-17 	 7.852856e-17
1 	 15 	 1 	 1 	 -3.321674e-17 	 8.043246e-17
1 	 16 	 1 	 1 	 -3.340092e-17 	 8.233637e-17
1 	 17 	 1 	 1 	 -3.358510e-17 	 8.424027e-17
1 	 18 	 1 	 1 	 -3.368149e-17 	 8.635401e-17
1 	 19 	 1 	 1 	 -3.361630e-17 	 8.885392e-17
1 	 20 	 1 	 1 	 -3.355112e-17 	 9.135383e-17
1 	 21 	 1 	 1 	 -3.348593e-17 	 9.385374e-17
1 	 22 	 1 	 1 	 -3.342075e-17 	 9.635365e-17
1 	 23 	 1 	 1 	 -3.335556e-17 	 9.885356e-17
1 	 24 	 1 	 1 	 -3.329038e-17 	 1.013535e-16
1 	 25 	 1 	 1 	 -3.322519e-17 	 1.038534e-16
1 	 26 	 1 	 1 	 -3.316001e-17 	 1.063533e-16
1 	 27 	 1 	 1 	 -3.309482e-17 	 1.088532e-16
1 	 28 	 1 	 1 	 -3.302964e-17 	 1.113531e-16
1 	 29 	 1 	 1 	 -3.272747e-17 	 1.142716e-16
1 	 30 	 1 	 1 	 -3.225322e-17 	 1.174941e-16
1 	 31 	 1 	 1 	 -3.177897e-17 	 1.207166e-16
1 	 32 	 1 	 1 	 -3.130472e-17 	 1.239391e-16
1 	 33 	 1 	 1 	 -3.083047e-17 	 1.271615e-16
1 	 34 	 1 	 1 	 -3.035622e-17 	 1.303840e-16
1 	 35 	 1 	 1 	 -2.988198e-17 	 1.336065e-16
1 	 36 	 1 	 1 	 -2.940773e-17 	 1.368290e-16
1 	 37 	 1 	 1 	 -2.893348e-17 	 1.400514e-16
1 	 38 	 1 	 1 	 -2.845923e-17 	 1.432739e-16
1 	 39 	 1 	 1 	 -2.793543e-17 	 1.465634e-16
1 	 40 	 1 	 1 	 -2.682892e-17 	 1.506411e-16
1 	 41 	 1 	 1 	 -2.572242e-17 	 1.547187e-16
1 	 42 	 1 	 1 	 -2.461591e-17 	 1.587963e-16
1 	 43 	 1 	 1 	 -2.350941e-17 	 1.628740e-16
1 	 44 	 1 	 1 	 -2.240290e-17 	 1.669516e-16
1 	 45 	 1 	 1 	 -2.129640e-17 	 1.710293e-16
1 	 46 	 1 	 1 	 -2.018990e-17 	 1.751069e-16
1 	 47 	 1 	 1 	 -1.908339e-17 	 1.791845e-16
1 	 48 	 1 	 1 	 -1.797689e-17 	 1.832622e-16
1 	 49 	 1 	 1 	 -1.687038e-17 	 1.873398e-16
1 	 50 	 1 	 1 	 -1.498405e-17 	 1.922513e-16
1 	 51 	 1 	 1 	 -1.295178e-17 	 1.973189e-16
1 	 52 	 1 	 1 	 -1.091951e-17 	 2.023864e-16
1 	 53 	 1 	 1 	 -8.887245e-18 	 2.074540e-16
1 	 54 	 1 	 1 	 -6.854977e-18 	 2.125215e-16
1 	 55 	 1 	 1 	 -4.822708e-18 	 2.175891e-16
1 	 56 	 1 	 1 	 -2.790439e-18 	 2.226566e-16
1 	 57 	 1 	 1 	 -7.581707e-19 	 2.277241e-16
1 	 58 	 1 	 1 	 1.274098e-18 	 2.327917e-16
1 	 59 	 1 	 1 	 3.306367e-18 	 2.378592e-16
1 	 60 	 1 	 1 	 6.472047e-18 	 2.438961e-16
1 	 61 	 1 	 1 	 9.815210e-18 	 2.500847e-16
1 	 62 	 1 	 1 	 1.315837e-17 	 2.562733e-16
1 	 63 	 1 	 1 	 1.650154e-17 	 2.624620e-16
1 	 64 	 1 	 1 	 1.984470e-17 	 2.686506e-16
1 	 65 	 1 	 1 	 2.318786e-17 	 2.748392e-16
1 	 66 	 1 	 1 	 2.653103e-17 	 2.810279e-16
1 	 67 	 1 	 1 	 2.987419e-17 	 2.872165e-16
1 	 68 	 1 	 1 	 3.321735e-17 	 2.934051e-16
1 	 69 	 1 	 1 	 3.681128e-17 	 2.997650e-16
1 	 70 	 1 	 1 	 4.196389e-17 	 3.071897e-16
1 	 71 	 1 	 1 	 4.711650e-17 	 3.146143e-16
1 	 72 	 1 	 1 	 5.226911e-17 	 3.220389e-16
1 	 73 	 1 	 1 	 5.742171e-17 	 3.294635e-16
1 	 74 	 1 	 1 	 6.257432e-17 	 3.368881e-16
1 	 75 	 1 	 1 	 6.772693e-17 	 3.443128e-16
1 	 76 	 1 	 1 	 7.287954e-17 	 3.517374e-16
1 	 77 	 1 	 1 	 7.803215e-17 	 3.591620e-16
1 	 78 	 1 	 1 	 8.318476e-17 	 3.665866e-16
1 	 79 	 1 	 1 	 8.994894e-17 	 3.748754e-16
1 	 80 	 1 	 1 	 9.755096e-17 	 3.836134e-16
1 	 81 	 1 	 1 	 1.051530e-16 	 3.923514e-16
1 	 82 	 1 	 1 	 1.127550e-16 	 4.010893e-16
1 	 83 	 1 	 1 	 1.203570e-16 	 4.098274e-16
1 	 84 	 1 	 1 	 1.279590e-16 	 4.185654e-16
1 	 85 	 1 	 1 	 1.355610e-16 	 4.273033e-16
1 	 86 	 1 	 1 	 1.431631e-16 	 4.360413e-16
1 	 87 	 1 	 1 	 1.507651e-16 	 4.447793e-16
1 	 88 	 1 	 1 	 1.597218e-16 	 4.540676e-16
1 	 89 	 1 	 1 	 1.705764e-16 	 4.641266e-16
1 	 90 	 1 	 1 	 1.814311e-16 	 4.741857e-16
1 	 91 	 1 	 1 	 1.922857e-16 	 4.842448e-16
1 	 92 	 1 	 1 	 2.031403e-16 	 4.943039e-16
1 	 93 	 1 	 1 	 2.139949e-16 	 5.043629e-16
1 	 94 	 1 	 1 	 2.248496e-16 	 5.144220e-16
1 	 95 	 1 	 1 	 2.357042e-16 	 5.244811e-16
1 	 96 	 1 	 1 	 2.465588e-16 	 5.345401e-16
1 	 97 	 1 	 1 	 2.591472e-16 	 5.450957e-16
1 	 98 	 1 	 1 	 2.742491e-16 	 5.563709e-16
1 	 99 	 1 	 1 	 2.893510e-16 	 5.676462e-16
1 	 100 	 1 	 1 	 3.044528e-16 	 5.789215e-16
1 	 101 	 1 	 1 	 3.195547e-16 	 5.901968e-16
1 	 102 	 1 	 1 	 3.346566e-16 	 6.014721e-16
1 	 103 	 1 	 1 	 3.497585e-16 	 6.127473e-16
1 	 104 	 1 	 1 	 3.648603e-16 	 6.240226e-16
1 	 105 	 1 	 1 	 3.799622e-16 	 6.352978e-16
1 	 106 	 1 	 1 	 3.984779e-16 	 6.471607e-16
1 	 107 	 1 	 1 	 4.190225e-16 	 6.593728e-16
1 	 108 	 1 	 1 	 4.395671e-16 	 6.715849e-16
1 	 109 	 1 	 1 	 4.601117e-16 	 6.837969e-16
1 	 110 	 1 	 1 	 4.806564e-16 	 6.960090e-16
1 	 111 	 1 	 1 	 5.012010e-16 	 7.082211e-16
1 	 112 	 1 	 1 	 5.217457e-16 	 7.204332e-16
1 	 113 	 1 	 1 	 5.422903e-16 	 7.326453e-16
1 	 114 	 1 	 1 	 5.632968e-16 	 7.448854e-16
1 	 115 	 1 	 1 	 5.906592e-16 	 7.575122e-16
1 	 116 	 1 	 1 	 6.180215e-16 	 7.701388e-16
1 	 117 	 1 	 1 	 6.453839e-16 	 7.827655e-16
1 	 118 	 1 	 1 	 6.727463e-16 	 7.953922e-16
1 	 119 	 1 	 1 	 7.001087e-16 	 8.080189e-16
1 	 120 	 1 	 1 	 7.274711e-16 	 8.206456e-16
1 	 121 	 1 	 1 	 7.548335e-16 	 8.332723e-16
1 	 122 	 1 	 1 	 7.821959e-16 	 8.458989e-16
1 	 123 	 1 	 1 	 8.155692e-16 	 8.582375e-16
1 	 124 	 1 	 1 	 8.512313e-16 	 8.704663e-16
1 	 125 	 1 	 1 	 8.868934e-16 	 8.826951e-16
1 	 126 	 1 	 1 	 9.225556e-16 	 8.949239e-16
1 	 127 	 1 	 1 	 9.582177e-16 	 9.071527e-16
1 	 128 	 1 	 1 	 9.938799e-16 	 9.193815e-16
1 	 129 	 1 	 1 	 1.029542e-15 	 9.316104e-16
1 	 130 	 1 	 1 	 1.065204e-15 	 9.438392e-16
1 	 131 	 1 	 1 	 1.106640e-15 	 9.552073e-16
1 	 132 	 1 	 1 	 1.152067e-15 	 9.659803e-16
1 	 133 	 1 	 1 	 1.197494e-15 	 9.767534e-16
1 	 134 	 1 	 1 	 1.242922e-15 	 9.875264e-16
1 	 135 	 1 	 1 	 1.288349e-15 	 9.982994e-16
1 	 136 	 1 	 1 	 1.333776e-15 	 1.009072e-15
1 	 137 	 1 	 1 	 1.379204e-15 	 1.019845e-15
1 	 138 	 1 	 1 	 1.424631e-15 	 1.030618e-15
1 	 139 	 1 	 1 	 1.477425e-15 	 1.039717e-15
1 	 140 	 1 	 1 	 1.533958e-15 	 1.047966e-15
1 	 141 	 1 	 1 	 1.590490e-15 	 1.056215e-15
1 	 142 	 1 	 1 	 1.647023e-15 	 1.064464e-15
1 	 143 	 1 	 1 	 1.703555e-15 	 1.072712e-15
1 	 144 	 1 	 1 	 1.760087e-15 	 1.080961e-15
1 	 145 	 1 	 1 	 1.816620e-15 	 1.089210e-15
1 	 146 	 1 	 1 	 1.873152e-15 	 1.097459e-15
1 	 147 	 1 	 1 	 1.941278e-15 	 1.102821e-15
1 	 148 	 1 	 1 	 2.010202e-15 	 1.107984e-15
1 	 149 	 1 	 1 	 2.079126e-15 	 1.113147e-15
1 	 150 	 1 	 1 	 2.148051e-15 	 1.118310e-15
1 	 151 	 1 	 1 	 2.216975e-15 	 1.123473e-15
1 	 152 	 1 	 1 	 2.285899e-15 	 1.128636e-15
1 	 153 	 1 	 1 	 2.354823e-15 	 1.133798e-15
1 	 154 	 1 	 1 	 2.429478e-15 	 1.138028e-15
1 	 155 	 1 	 1 	 2.512631e-15 	 1.140875e-15
1 	 156 	 1 	 1 	 2.595784e-15 	 1.143721e-15
1 	 157 	 1 	 1 	 2.678936e-15 	 1.146567e-15
1 	 158 	 1 	 1 	 2.762089e-15 	 1.149413e-15
1 	 159 	 1 	 1 	 2.845242e-15 	 1.152259e-15
1 	 160 	 1 	 1 	 2.928395e-15 	 1.155106e-15
1 	 161 	 1 	 1 	 3.012645e-15 	 1.157992e-15
1 	 162 	 1 	 1 	 3.114083e-15 	 1.161499e-15
1 	 163 	 1 	 1 	 3.215522e-15 	 1.165007e-15
1 	 164 	 1 	 1 	 3.316961e-15 	 1.168515e-15
1 	 165 	 1 	 1 	 3.418400e-15 	 1.172023e-15
1 	 166 	 1 	 1 	 3.519838e-15 	 1.175531e-15
1 	 167 	 1 	 1 	 3.621277e-15 	 1.179038e-15
1 	 168 	 1 	 1 	 3.722716e-15 	 1.182546e-15
1 	 169 	 1 	 1 	 3.849331e-15 	 1.191488e-15
1 	 170 	 1 	 1 	 3.978666e-15 	 1.201016e-15
1 	 171 	 1 	 1 	 4.108002e-15 	 1.210545e-15
1 	 172 	 1 	 1 	 4.237337e-15 	 1.220074e-15
1 	 173 	 1 	 1 	 4.366673e-15 	 1.229603e-15
1 	 174 	 1 	 1 	 4.496009e-15 	 1.239132e-15
1 	 175 	 1 	 1 	 4.625345e-15 	 1.248661e-15
1 	 176 	 1 	 1 	 4.799477e-15 	 1.268999e-15
1 	 177 	 1 	 1 	 4.977215e-15 	 1.290207e-15
1 	 178 	 1 	 1 	 5.154953e-15 	 1.311415e-15
1 	 179 	 1 	 1 	 5.332691e-15 	 1.332624e-15
1 	 180 	 1 	 1 	 5.510429e-15 	 1.353832e-15
1 	 181 	 1 	 1 	 5.688167e-15 	 1.375040e-15
1 	 182 	 1 	 1 	 5.876695e-15 	 1.397597e-15
1 	 183 	 1 	 1 	 6.141032e-15 	 1.429626e-15
1 	 184 	 1 	 1 	 6.405368e-15 	 1.461655e-15
1 	 185 	 1 	 1 	 6.669705e-15 	 1.493684e-15
1 	 186 	 1 	 1 	 6.934041e-15 	 1.525713e-15
1 	 187 	 1 	 1 	 7.198378e-15 	 1.557742e-15
1 	 188 	 1 	 1 	 7.462714e-15 	 1.589771e-15
1 	 189 	 1 	 1 	 7.800498e-15 	 1.616187e-15
1 	 190 	 1 	 1 	 8.213134e-15 	 1.636883e-15
1 	 191 	 1 	 1 	 8.625769e-15 	 1.657578e-15
1 	 192 	 1 	 1 	 9.038405e-15 	 1.678274e-15
1 	 193 	 1 	 1 	 9.451040e-15 	 1.698969e-15
1 	 194 	 1 	 1 	 9.863676e-15 	 1.719665e-15
1 	 195 	 1 	 1 	 1.028404e-14 	 1.737685e-15
1 	 196 	 1 	 1 	 1.092945e-14 	 1.677770e-15
1 	 197 	 1 	 1 	 1.157486e-14 	 1.617856e-15
1 	 198 	 1 	 1 	 1.222027e-14 	 1.557941e-15
1 	 199 	 1 	 1 	 1.286568e-14 	 1.498026e-15
1 	 200 	 1 	 1 	 1.351109e-14 	 1.438112e-15
1 	 201 	 1 	 1 	 1.415650e-14 	 1.378197e-15
1 	 202 	 1 	 1 	 1.503896e-14 	 1.145853e-15
1 	 203 	 1 	 1 	 1.600726e-14 	 8.510687e-16
1 	 204 	 1 	 1 	 1.697556e-14 	 5.562842e-16
1 	 205 	 1 	 1 	 1.794386e-14 	 2.614997e-16
1 	 206 	 1 	 1 	 1.891216e-14 	 -3.328480e-17
1 	 207 	 1 	 1 	 1.988046e-14 	 -3.280693e-16
1 	 208 	 1 	 1 	 2.106883e-14 	 -9.314431e-16
1 	 209 	 1 	 1 	 2.240759e-14 	 -1.745711e-15
1 	 210 	 1 	 1 	 2.374635e-14 	 -2.559979e-15
1 	 211 	 1 	 1 	 2.508512e-14 	 -3.374246e-15
1 	 212 	 1 	 1 	 2.642388e-14 	 -4.188514e-15
1 	 213 	 1 	 1 	 2.776264e-14 	 -5.002782e-15
1 	 214 	 1 	 1 	 2.927076e-14 	 -6.409011e-15
1 	 215 	 1 	 1 	 3.088769e-14 	 -8.195582e-15
1 	 216 	 1 	 1 	 3.250462e-14 	 -9.982152e-15
1 	 217 	 1 	 1 	 3.412155e-14 	 -1.176872e-14
1 	 218 	 1 	 1 	 3.573847e-14 	 -1.355529e-14
1 	 219 	 1 	 1 	 3.735540e-14 	 -1.534186e-14
1 	 220 	 1 	 1 	 3.888153e-14 	 -1.836167e-14
1 	 221 	 1 	 1 	 4.038124e-14 	 -2.174028e-14
1 	 222 	 1 	 1 	 4.188094e-14 	 -2.511889e-14
1 	 223 	 1 	 1 	 4.338065e-14 	 -2.849750e-14
1 	 224 	 1 	 1 	 4.488036e-14 	 -3.187611e-14
1 	 225 	 1 	 1 	 4.628806e-14 	 -3.545491e-14
1 	 226 	 1 	 1 	 4.673776e-14 	 -4.111823e-14
1 	 227 	 1 	 1 	 4.718746e-14 	 -4.678155e-14
1 	 228 	 1 	 1 	 4.763716e-14 	 -5.244487e-14
1 	 229 	 1 	 1 	 4.808686e-14 	 -5.810819e-14
1 	 230 	 1 	 1 	 4.853656e-14 	 -6.377151e-14
1 	 231 	 1 	 1 	 4.746147e-14 	 -7.095143e-14
1 	 232 	 1 	 1 	 4.510876e-14 	 -7.940211e-14
1 	 233 	 1 	 1 	 4.275605e-14 	 -8.785278e-14
1 	 234 	 1 	 1 	 4.040335e-14 	 -9.630346e-14
1 	 235 	 1 	 1 	 3.805064e-14 	 -1.047541e-13
1 	 236 	 1 	 1 	 3.490714e-14 	 -1.135671e-13
1 	 237 	 1 	 1 	 2.692354e-14 	 -1.245972e-13
1 	 238 	 1 	 1 	 1.893994e-14 	 -1.356274e-13
1 	 239 	 1 	 1 	 1.095634e-14 	 -1.466576e-13
1 	 240 	 1 	 1 	 2.972733e-15 	 -1.576878e-13
1 	 241 	 1 	 1 	 -5.010869e-15 	 -1.687179e-13
1 	 242 	 1 	 1 	 -2.139625e-14 	 -1.804557e-13
1 	 243 	 1 	 1 	 -3.900272e-14 	 -1.922964e-13
1 	 244 	 1 	 1 	 -5.660920e-14 	 -2.041370e-13
1 	 245 	 1 	 1 	 -7.421567e-14 	 -2.159777e-13
1 	 246 	 1 	 1 	 -9.182214e-14 	 -2.278183e-13
1 	 247 	 1 	 1 	 -1.201286e-13 	 -2.369190e-13
1 	 248 	 1 	 1 	 -1.522205e-13 	 -2.450503e-13
1 	 249 	 1 	 1 	 -1.843125e-13 	 -2.531816e-13
1 	 250 	 1 	 1 	 -2.164045e-13 	 -2.613129e-13
1 	 251 	 1 	 1 	 -2.484964e-13 	 -2.694442e-13
1 	 252 	 1 	 1 	 -2.947632e-13 	 -2.684742e-13
1 	 253 	 1 	 1 	 -3.461728e-13 	 -2.642020e-13
1 	 254 	 1 	 1 	 -3.975824e-13 	 -2.599298e-13
1 	 255 	 1 	 1 	 -4.489921e-13 	 -2.556577e-13
1 	 256 	 1 	 1 	 -5.004017e-13 	 -2.513855e-13
1 	 257 	 1 	 1 	 -5.710446e-13 	 -2.242677e-13
1 	 258 	 1 	 1 	 -6.449454e-13 	 -1.932802e-13
1 	 259 	 1 	 1 	 -7.188462e-13 	 -1.622926e-13
1 	 260 	 1 	 1 	 -7.927469e-13 	 -1.313051e-13
1 	 261 	 1 	 1 	 -8.688224e-13 	 -9.553990e-14
1 	 262 	 1 	 1 	 -9.645563e-13 	 -1.658697e-14
1 	 263 	 1 	 1 	 -1.060290e-12 	 6.236595e-14
1 	 264 	 1 	 1 	 -1.156024e-12 	 1.413189e-13
1 	 265 	 1 	 1 	 -1.251758e-12 	 2.202718e-13
1 	 266 	 1 	 1 	 -1.354570e-12 	 3.353480e-13
1 	 267 	 1 	 1 	 -1.465556e-12 	 4.921445e-13
1 	 268 	 1 	 1 	 -1.576543e-12 	 6.489410e-13
1 	 269 	 1 	 1 	 -1.687529e-12 	 8.057375e-13
1 	 270 	 1 	 1 	 -1.798516e-12 	 9.625340e-13
1 	 271 	 1 	 1 	 -1.910961e-12 	 1.233536e-12
1 	 272 	 1 	 1 	 -2.023491e-12 	 1.511127e-12
1 	 273 	 1 	 1 	 -2.136020e-12 	 1.788718e-12
1 	 274 	 1 	 1 	 -2.248550e-12 	 2.066310e-12
1 	 275 	 1 	 1 	 -2.350171e-12 	 2.447020e-12
1 	 276 	 1 	 1 	 -2.442533e-12 	 2.915276e-12
1 	 277 	 1 	 1 	 -2.534895e-12 	 3.383531e-12
1 	 278 	 1 	 1 	 -2.627256e-12 	 3.851786e-12
1 	 279 	 1 	 1 	 -2.705498e-12 	 4.400605e-12
1 	 280 	 1 	 1 	 -2.740779e-12 	 5.194545e-12
1 	 281 	 1 	 1 	 -2.776059e-12 	 5.988485e-12
1 	 282 	 1 	 1 	 -2.811340e-12 	 6.782424e-12
1 	 283 	 1 	 1 	 -2.837397e-12 	 7.614858e-12
1 	 284 	 1 	 1 	 -2.724429e-12 	 9.027519e-12
1 	 285 	 1 	 1 	 -2.611460e-12 	 1.044018e-11
1 	 286 	 1 	 1 	 -2.498492e-12 	 1.185284e-11
1 	 287 	 1 	 1 	 -2.385524e-12 	 1.326550e-11
1 	 288 	 1 	 1 	 -1.837290e-12 	 1.593128e-11
1 	 289 	 1 	 1 	 -1.281373e-12 	 1.861917e-11
1 	 290 	 1 	 1 	 -7.254551e-13 	 2.130707e-11
1 	 291 	 1 	 1 	 -1.609337e-13 	 2.401136e-11
1 	 292 	 1 	 1 	 1.825006e-12 	 2.942444e-11
1 	 293 	 1 	 1 	 3.810945e-12 	 3.483752e-11
1 	 294 	 1 	 1 	 5.796885e-12 	 4.025060e-11
1 	 295 	 1 	 1 	 8.384776e-12 	 4.642314e-11
1 	 296 	 1 	 1 	 1.501147e-11 	 5.769130e-11
1 	 297 	 1 	 1 	 2.163817e-11 	 6.895947e-11
1 	 298 	 1 	 1 	 2.826486e-11 	 8.022763e-11
1 	 299 	 1 	 1 	 4.017890e-11 	 9.590523e-11
1 	 300 	 1 	 1 	 6.186062e-11 	 1.197287e-10
1 	 301 	 1 	 1 	 8.354234e-11 	 1.435521e-10
1 	 302 	 1 	 1 	 1.052241e-10 	 1.673756e-10
1 	 303 	 1 	 1 	 1.606704e-10 	 2.093749e-10
1 	 304 	 1 	 1 	 2.328964e-10 	 2.604069e-10
1 	 305 	 1 	 1 	 3.051223e-10 	 3.114388e-10
1 	 306 	 1 	 1 	 3.915576e-10 	 3.672174e-10
1 	 307 	 1 	 1 	 6.464959e-10 	 4.792836e-10
1 	 308 	 1 	 1 	 9.014341e-10 	 5.913498e-10
1 	 309 	 1 	 1 	 1.156372e-09 	 7.034160e-10
1 	 310 	 1 	 1 	 1.813400e-09 	 8.977322e-10
1 	 311 	 1 	 1 	 2.763877e-09 	 1.152075e-09
1 	 312 	 1 	 1 	 3.714355e-09 	 1.406418e-09
1 	 313 	 1 	 1 	 4.989464e-09 	 1.710724e-09
1 	 314 	 1 	 1 	 7.887095e-09 	 2.264743e-09
1 	 315 	 1 	 1 	 1.078473e-08 	 2.818761e-09
1 	 316 	 1 	 1 	 1.368236e-08 	 3.372780e-09
1 	 317 	 1 	 1 	 3.314940e-09 	 4.023157e-09
1 	 318 	 1 	 1 	 -9.552649e-09 	 4.691696e-09
1 	 319 	 1 	 1 	 -2.242024e-08 	 5.360234e-09
1 	 320 	 1 	 1 	 -2.756727e-08 	 5.627650e-09
1 	 321 	 1 	 1 	 -2.756727e-08 	 5.627650e-09
1 	 322 	 1 	 1 	 -2.756727e-08 	 5.627650e-09
1 	 323 	 1 	 1 	 -2.242024e-08 	 5.360234e-09
1 	 324 	 1 	 1 	 -9.552649e-09 	 4.691696e-09
1 	 325 	 1 	 1 	 3.314940e-09 	 4.023157e-09
1 	 326 	 1 	 1 	 1.368236e-08 	 3.372780e-09
1 	 327 	 1 	 1 	 1.078473e-08 	 2.818761e-09
1 	 328 	 1 	 1 	 7.887095e-09 	 2.264742e-09
1 	 329 	 1 	 1 	 4.989464e-09 	 1.710724e-09
1 	 330 	 1 	 1 	 3.714355e-09 	 1.406418e-09
1 	 331 	 1 	 1 	 2.763877e-09 	 1.152075e-09
1 	 332 	 1 	 1 	 1.813400e-09 	 8.977322e-10
1 	 333 	 1 	 1 	 1.156372e-09 	 7.034160e-10
1 	 334 	 1 	 1 	 9.014341e-10 	 5.913498e-10
1 	 335 	 1 	 1 	 6.464959e-10 	 4.792836e-10
1 	 336 	 1 	 1 	 3.915576e-10 	 3.672174e-10
1 	 337 	 1 	 1 	 3.051223e-10 	 3.114388e-10
1 	 338 	 1 	 1 	 2.328964e-10 	 2.604069e-10
1 	 339 	 1 	 1 	 1.606704e-10 	 2.093749e-10
1 	 340 	 1 	 1 	 1.052241e-10 	 1.673756e-10
1 	 341 	 1 	 1 	 8.354235e-11 	 1.435521e-10
1 	 342 	 1 	 1 	 6.186063e-11 	 1.197287e-10
1 	 343 	 1 	 1 	 4.017891e-11 	 9.590521e-11
1 	 344 	 1 	 1 	 2.826487e-11 	 8.022762e-11
1 	 345 	 1 	 1 	 2.163818e-11 	 6.895946e-11
1 	 346 	 1 	 1 	 1.501148e-11 	 5.769129e-11
1 	 347 	 1 	 1 	 8.384785e-12 	 4.642313e-11
1 	 348 	 1 	 1 	 5.796893e-12 	 4.025059e-11
1 	 349 	 1 	 1 	 3.810952e-12 	 3.483751e-11
1 	 350 	 1 	 1 	 1.825012e-12 	 2.942443e-11
1 	 351 	 1 	 1 	 -1.609279e-13 	 2.401135e-11
1 	 352 	 1 	 1 	 -7.254499e-13 	 2.130706e-11
1 	 353 	 1 	 1 	 -1.281368e-12 	 1.861916e-11
1 	 354 	 1 	 1 	 -1.837286e-12 	 1.593127e-11
1 	 355 	 1 	 1 	 -2.385521e-12 	 1.326549e-11
1 	 356 	 1 	 1 	 -2.498489e-12 	 1.185283e-11
1 	 357 	 1 	 1 	 -2.611458e-12 	 1.044017e-11
1 	 358 	 1 	 1 	 -2.724427e-12 	 9.027513e-12
1 	 359 	 1 	 1 	 -2.837395e-12 	 7.614853e-12
1 	 360 	 1 	 1 	 -2.811339e-12 	 6.782419e-12
1 	 361 	 1 	 1 	 -2.776058e-12 	 5.988480e-12
1 	 362 	 1 	 1 	 -2.740778e-12 	 5.194541e-12
1 	 363 	 1 	 1 	 -2.705498e-12 	 4.400601e-12
1 	 364 	 1 	 1 	 -2.627256e-12 	 3.851782e-12
1 	 365 	 1 	 1 	 -2.534895e-12 	 3.383527e-12
1 	 366 	 1 	 1 	 -2.442533e-12 	 2.915272e-12
1 	 367 	 1 	 1 	 -2.350172e-12 	 2.447017e-12
1 	 368 	 1 	 1 	 -2.248550e-12 	 2.066307e-12
1 	 369 	 1 	 1 	 -2.136020e-12 	 1.788715e-12
1 	 370 	 1 	 1 	 -2.023491e-12 	 1.511124e-12
1 	 371 	 1 	 1 	 -1.910961e-12 	 1.233533e-12
1 	 372 	 1 	 1 	 -1.798516e-12 	 9.625314e-13
1 	 373 	 1 	 1 	 -1.687530e-12 	 8.057350e-13
1 	 374 	 1 	 1 	 -1.576543e-12 	 6.489386e-13
1 	 375 	 1 	 1 	 -1.465557e-12 	 4.921422e-13
1 	 376 	 1 	 1 	 -1.354570e-12 	 3.353458e-13
1 	 377 	 1 	 1 	 -1.251758e-12 	 2.202697e-13
1 	 378 	 1 	 1 	 -1.156024e-12 	 1.413169e-13
1 	 379 	 1 	 1 	 -1.060290e-12 	 6.236405e-14
1 	 380 	 1 	 1 	 -9.645563e-13 	 -1.658878e-14
1 	 381 	 1 	 1 	 -8.688224e-13 	 -9.554160e-14
1 	 382 	 1 	 1 	 -7.927469e-13 	 -1.313067e-13
1 	 383 	 1 	 1 	 -7.188460e-13 	 -1.622942e-13
1 	 384 	 1 	 1 	 -6.449453e-13 	 -1.932817e-13
1 	 385 	 1 	 1 	 -5.710444e-13 	 -2.242691e-13
1 	 386 	 1 	 1 	 -5.004015e-13 	 -2.513868e-13
1 	 387 	 1 	 1 	 -4.489919e-13 	 -2.556589e-13
1 	 388 	 1 	 1 	 -3.975822e-13 	 -2.599310e-13
1 	 389 	 1 	 1 	 -3.461726e-13 	 -2.642031e-13
1 	 390 	 1 	 1 	 -2.947629e-13 	 -2.684752e-13
1 	 391 	 1 	 1 	 -2.484962e-13 	 -2.694452e-13
1 	 392 	 1 	 1 	 -2.164042e-13 	 -2.613138e-13
1 	 393 	 1 	 1 	 -1.843123e-13 	 -2.531825e-13
1 	 394 	 1 	 1 	 -1.522203e-13 	 -2.450511e-13
1 	 395 	 1 	 1 	 -1.201283e-13 	 -2.369198e-13
1 	 396 	 1 	 1 	 -9.182190e-14 	 -2.278190e-13
1 	 397 	 1 	 1 	 -7.421543e-14 	 -2.159784e-13
1 	 398 	 1 	 1 	 -5.660896e-14 	 -2.041377e-13
1 	 399 	 1 	 1 	 -3.900249e-14 	 -1.922970e-13
1 	 400 	 1 	 1 	 -2.139602e-14 	 -1.804563e-13
1 	 401 	 1 	 1 	 -5.010638e-15 	 -1.687185e-13
1 	 402 	 1 	 1 	 2.972962e-15 	 -1.576883e-13
1 	 403 	 1 	 1 	 1.095656e-14 	 -1.466581e-13
1 	 404 	 1 	 1 	 1.894016e-14 	 -1.356279e-13
1 	 405 	 1 	 1 	 2.692376e-14 	 -1.245977e-13
1 	 406 	 1 	 1 	 3.490736e-14 	 -1.135675e-13
1 	 407 	 1 	 1 	 3.805086e-14 	 -1.047545e-13
1 	 408 	 1 	 1 	 4.040356e-14 	 -9.630382e-14
1 	 409 	 1 	 1 	 4.275627e-14 	 -8.785311e-14
1 	 410 	 1 	 1 	 4.510897e-14 	 -7.940241e-14
1 	 411 	 1 	 1 	 4.746168e-14 	 -7.095171e-14
1 	 412 	 1 	 1 	 4.853676e-14 	 -6.377178e-14
1 	 413 	 1 	 1 	 4.808705e-14 	 -5.810844e-14
1 	 414 	 1 	 1 	 4.763735e-14 	 -5.244510e-14
1 	 415 	 1 	 1 	 4.718764e-14 	 -4.678176e-14
1 	 416 	 1 	 1 	 4.673793e-14 	 -4.111842e-14
1 	 417 	 1 	 1 	 4.628823e-14 	 -3.545508e-14
1 	 418 	 1 	 1 	 4.488052e-14 	 -3.187627e-14
1 	 419 	 1 	 1 	 4.338080e-14 	 -2.849764e-14
1 	 420 	 1 	 1 	 4.188109e-14 	 -2.511902e-14
1 	 421 	 1 	 1 	 4.038137e-14 	 -2.174040e-14
1 	 422 	 1 	 1 	 3.888166e-14 	 -1.836178e-14
1 	 423 	 1 	 1 	 3.735553e-14 	 -1.534196e-14
1 	 424 	 1 	 1 	 3.573860e-14 	 -1.355538e-14
1 	 425 	 1 	 1 	 3.412167e-14 	 -1.176880e-14
1 	 426 	 1 	 1 	 3.250473e-14 	 -9.982226e-15
1 	 427 	 1 	 1 	 3.088780e-14 	 -8.195648e-15
1 	 428 	 1 	 1 	 2.927087e-14 	 -6.409070e-15
1 	 429 	 1 	 1 	 2.776275e-14 	 -5.002835e-15
1 	 430 	 1 	 1 	 2.642399e-14 	 -4.188564e-15
1 	 431 	 1 	 1 	 2.508522e-14 	 -3.374293e-15
1 	 432 	 1 	 1 	 2.374645e-14 	 -2.560022e-15
1 	 433 	 1 	 1 	 2.240769e-14 	 -1.745751e-15
1 	 434 	 1 	 1 	 2.106892e-14 	 -9.314800e-16
1 	 435 	 1 	 1 	 1.988055e-14 	 -3.281045e-16
1 	 436 	 1 	 1 	 1.891225e-14 	 -3.332050e-17
1 	 437 	 1 	 1 	 1.794394e-14 	 2.614635e-16
1 	 438 	 1 	 1 	 1.697564e-14 	 5.562475e-16
1 	 439 	 1 	 1 	 1.600734e-14 	 8.510315e-16
1 	 440 	 1 	 1 	 1.503903e-14 	 1.145816e-15
1 	 441 	 1 	 1 	 1.415657e-14 	 1.378159e-15
1 	 442 	 1 	 1 	 1.351116e-14 	 1.438071e-15
1 	 443 	 1 	 1 	 1.286574e-14 	 1.497984e-15
1 	 444 	 1 	 1 	 1.222033e-14 	 1.557896e-15
1 	 445 	 1 	 1 	 1.157492e-14 	 1.617809e-15
1 	 446 	 1 	 1 	 1.092950e-14 	 1.677721e-15
1 	 447 	 1 	 1 	 1.028409e-14 	 1.737634e-15
1 	 448 	 1 	 1 	 9.863727e-15 	 1.719613e-15
1 	 449 	 1 	 1 	 9.451089e-15 	 1.698916e-15
1 	 450 	 1 	 1 	 9.038451e-15 	 1.678219e-15
1 	 451 	 1 	 1 	 8.625813e-15 	 1.657522e-15
1 	 452 	 1 	 1 	 8.213176e-15 	 1.636826e-15
1 	 453 	 1 	 1 	 7.800538e-15 	 1.616129e-15
1 	 454 	 1 	 1 	 7.462753e-15 	 1.589712e-15
1 	 455 	 1 	 1 	 7.198415e-15 	 1.557684e-15
1 	 456 	 1 	 1 	 6.934078e-15 	 1.525655e-15
1 	 457 	 1 	 1 	 6.669740e-15 	 1.493627e-15
1 	 458 	 1 	 1 	 6.405402e-15 	 1.461598e-15
1 	 459 	 1 	 1 	 6.141064e-15 	 1.429570e-15
1 	 460 	 1 	 1 	 5.876726e-15 	 1.397541e-15
1 	 461 	 1 	 1 	 5.688197e-15 	 1.374986e-15
1 	 462 	 1 	 1 	 5.510458e-15 	 1.353780e-15
1 	 463 	 1 	 1 	 5.332719e-15 	 1.332573e-15
1 	 464 	 1 	 1 	 5.154980e-15 	 1.311367e-15
1 	 465 	 1 	 1 	 4.977241e-15 	 1.290160e-15
1 	 466 	 1 	 1 	 4.799502e-15 	 1.268954e-15
1 	 467 	 1 	 1 	 4.625369e-15 	 1.248617e-15
1 	 468 	 1 	 1 	 4.496032e-15 	 1.239091e-15
1 	 469 	 1 	 1 	 4.366696e-15 	 1.229564e-15
1 	 470 	 1 	 1 	 4.237360e-15 	 1.220037e-15
1 	 471 	 1 	 1 	 4.108023e-15 	 1.210510e-15
1 	 472 	 1 	 1 	 3.978687e-15 	 1.200983e-15
1 	 473 	 1 	 1 	 3.849351e-15 	 1.191456e-15
1 	 474 	 1 	 1 	 3.722736e-15 	 1.182517e-15
1 	 475 	 1 	 1 	 3.621297e-15 	 1.179011e-15
1 	 476 	 1 	 1 	 3.519859e-15 	 1.175505e-15
1 	 477 	 1 	 1 	 3.418420e-15 	 1.171999e-15
1 	 478 	 1 	 1 	 3.316981e-15 	 1.168493e-15
1 	 479 	 1 	 1 	 3.215542e-15 	 1.164987e-15
1 	 480 	 1 	 1 	 3.114104e-15 	 1.161481e-15
1 	 481 	 1 	 1 	 3.012665e-15 	 1.157975e-15
1 	 482 	 1 	 1 	 2.928416e-15 	 1.155090e-15
1 	 483 	 1 	 1 	 2.845264e-15 	 1.152246e-15
1 	 484 	 1 	 1 	 2.762112e-15 	 1.149401e-15
1 	 485 	 1 	 1 	 2.678960e-15 	 1.146557e-15
1 	 486 	 1 	 1 	 2.595807e-15 	 1.143712e-15
1 	 487 	 1 	 1 	 2.512655e-15 	 1.140867e-15
1 	 488 	 1 	 1 	 2.429503e-15 	 1.138023e-15
1 	 489 	 1 	 1 	 2.354848e-15 	 1.133794e-15
1 	 490 	 1 	 1 	 2.285924e-15 	 1.128632e-15
1 	 491 	 1 	 1 	 2.216999e-15 	 1.123470e-15
1 	 492 	 1 	 1 	 2.148075e-15 	 1.118308e-15
1 	 493 	 1 	 1 	 2.079150e-15 	 1.113146e-15
1 	 494 	 1 	 1 	 2.010226e-15 	 1.107984e-15
1 	 495 	 1 	 1 	 1.941301e-15 	 1.102822e-15
1 	 496 	 1 	 1 	 1.873175e-15 	 1.097461e-15
1 	 497 	 1 	 1 	 1.816641e-15 	 1.089212e-15
1 	 498 	 1 	 1 	 1.760107e-15 	 1.080963e-15
1 	 499 	 1 	 1 	 1.703573e-15 	 1.072714e-15
1 	 500 	 1 	 1 	 1.647038e-15 	 1.064465e-15
1 	 501 	 1 	 1 	 1.590504e-15 	 1.056216e-15
1 	 502 	 1 	 1 	 1.533970e-15 	 1.047967e-15
1 	 503 	 1 	 1 	 1.477436e-15 	 1.039718e-15
1 	 504 	 1 	 1 	 1.424640e-15 	 1.030619e-15
1 	 505 	 1 	 1 	 1.379212e-15 	 1.019846e-15
1 	 506 	 1 	 1 	 1.333784e-15 	 1.009072e-15
1 	 507 	 1 	 1 	 1.288356e-15 	 9.982988e-16
1 	 508 	 1 	 1 	 1.242929e-15 	 9.875253e-16
1 	 509 	 1 	 1 	 1.197501e-15 	 9.767519e-16
1 	 510 	 1 	 1 	 1.152073e-15 	 9.659784e-16
1 	 511 	 1 	 1 	 1.106645e-15 	 9.552050e-16
1 	 512 	 1 	 1 	 1.065209e-15 	 9.438368e-16
1 	 513 	 1 	 1 	 1.029547e-15 	 9.316087e-16
1 	 514 	 1 	 1 	 9.938845e-16 	 9.193805e-16
1 	 515 	 1 	 1 	 9.582222e-16 	 9.071522e-16
1 	 516 	 1 	 1 	 9.225600e-16 	 8.949240e-16
1 	 517 	 1 	 1 	 8.868978e-16 	 8.826958e-16
1 	 518 	 1 	 1 	 8.512356e-16 	 8.704676e-16
1 	 519 	 1 	 1 	 8.155734e-16 	 8.582394e-16
1 	 520 	 1 	 1 	 7.822000e-16 	 8.459014e-16
1 	 521 	 1 	 1 	 7.548375e-16 	 8.332750e-16
1 	 522 	 1 	 1 	 7.274750e-16 	 8.206486e-16
1 	 523 	 1 	 1 	 7.001125e-16 	 8.080223e-16
1 	 524 	 1 	 1 	 6.727500e-16 	 7.953959e-16
1 	 525 	 1 	 1 	 6.453874e-16 	 7.827695e-16
1 	 526 	 1 	 1 	 6.180249e-16 	 7.701431e-16
1 	 527 	 1 	 1 	 5.906624e-16 	 7.575167e-16
1 	 528 	 1 	 1 	 5.632999e-16 	 7.448904e-16
1 	 529 	 1 	 1 	 5.422932e-16 	 7.326498e-16
1 	 530 	 1 	 1 	 5.217482e-16 	 7.204373e-16
1 	 531 	 1 	 1 	 5.012033e-16 	 7.082248e-16
1 	 532 	 1 	 1 	 4.806584e-16 	 6.960123e-16
1 	 533 	 1 	 1 	 4.601134e-16 	 6.837998e-16
1 	 534 	 1 	 1 	 4.395685e-16 	 6.715873e-16
1 	 535 	 1 	 1 	 4.190235e-16 	 6.593748e-16
1 	 536 	 1 	 1 	 3.984786e-16 	 6.471623e-16
1 	 537 	 1 	 1 	 3.799628e-16 	 6.352992e-16
1 	 538 	 1 	 1 	 3.648610e-16 	 6.240240e-16
1 	 539 	 1 	 1 	 3.497592e-16 	 6.127487e-16
1 	 540 	 1 	 1 	 3.346574e-16 	 6.014734e-16
1 	 541 	 1 	 1 	 3.195555e-16 	 5.901982e-16
1 	 542 	 1 	 1 	 3.044537e-16 	 5.789229e-16
1 	 543 	 1 	 1 	 2.893519e-16 	 5.676477e-16
1 	 544 	 1 	 1 	 2.742501e-16 	 5.563724e-16
1 	 545 	 1 	 1 	 2.591482e-16 	 5.450971e-16
1 	 546 	 1 	 1 	 2.465596e-16 	 5.345415e-16
1 	 547 	 1 	 1 	 2.357044e-16 	 5.244824e-16
1 	 548 	 1 	 1 	 2.248493e-16 	 5.144232e-16
1 	 549 	 1 	 1 	 2.139942e-16 	 5.043641e-16
1 	 550 	 1 	 1 	 2.031390e-16 	 4.943049e-16
1 	 551 	 1 	 1 	 1.922839e-16 	 4.842458e-16
1 	 552 	 1 	 1 	 1.814288e-16 	 4.741866e-16
1 	 553 	 1 	 1 	 1.705737e-16 	 4.641275e-16
1 	 554 	 1 	 1 	 1.597185e-16 	 4.540683e-16
1 	 555 	 1 	 1 	 1.507620e-16 	 4.447799e-16
1 	 556 	 1 	 1 	 1.431607e-16 	 4.360417e-16
1 	 557 	 1 	 1 	 1.355594e-16 	 4.273035e-16
1 	 558 	 1 	 1 	 1.279581e-16 	 4.185652e-16
1 	 559 	 1 	 1 	 1.203568e-16 	 4.098270e-16
1 	 560 	 1 	 1 	 1.127555e-16 	 4.010888e-16
1 	 561 	 1 	 1 	 1.051542e-16 	 3.923506e-16
1 	 562 	 1 	 1 	 9.755292e-17 	 3.836124e-16
1 	 563 	 1 	 1 	 8.995163e-17 	 3.748742e-16
1 	 564 	 1 	 1 	 8.318771e-17 	 3.665854e-16
1 	 565 	 1 	 1 	 7.803450e-17 	 3.591612e-16
1 	 566 	 1 	 1 	 7.288130e-17 	 3.517370e-16
1 	 567 	 1 	 1 	 6.772809e-17 	 3.443128e-16
1 	 568 	 1 	 1 	 6.257488e-17 	 3.368886e-16
1 	 569 	 1 	 1 	 5.742167e-17 	 3.294644e-16
1 	 570 	 1 	 1 	 5.226846e-17 	 3.220402e-16
1 	 571 	 1 	 1 	 4.711525e-17 	 3.146160e-16
1 	 572 	 1 	 1 	 4.196205e-17 	 3.071918e-16
1 	 573 	 1 	 1 	 3.680884e-17 	 2.997676e-16
1 	 574 	 1 	 1 	 3.321466e-17 	 2.934074e-16
1 	 575 	 1 	 1 	 2.987129e-17 	 2.872185e-16
1 	 576 	 1 	 1 	 2.652793e-17 	 2.810295e-16
1 	 577 	 1 	 1 	 2.318457e-17 	 2.748406e-16
1 	 578 	 1 	 1 	 1.984120e-17 	 2.686516e-16
1 	 579 	 1 	 1 	 1.649784e-17 	 2.624627e-16
1 	 580 	 1 	 1 	 1.315448e-17 	 2.562737e-16
1 	 581 	 1 	 1 	 9.811112e-18 	 2.500847e-16
1 	 582 	 1 	 1 	 6.467749e-18 	 2.438958e-16
1 	 583 	 1 	 1 	 3.301912e-18 	 2.378586e-16
1 	 584 	 1 	 1 	 1.269770e-18 	 2.327907e-16
1 	 585 	 1 	 1 	 -7.623716e-19 	 2.277229e-16
1 	 586 	 1 	 1 	 -2.794513e-18 	 2.226550e-16
1 	 587 	 1 	 1 	 -4.826656e-18 	 2.175871e-16
1 	 588 	 1 	 1 	 -6.858797e-18 	 2.125193e-16
1 	 589 	 1 	 1 	 -8.890939e-18 	 2.074514e-16
1 	 590 	 1 	 1 	 -1.092308e-17 	 2.023835e-16
1 	 591 	 1 	 1 	 -1.295522e-17 	 1.973157e-16
1 	 592 	 1 	 1 	 -1.498736e-17 	 1.922478e-16
1 	 593 	 1 	 1 	 -1.687350e-17 	 1.873360e-16
1 	 594 	 1 	 1 	 -1.797943e-17 	 1.832581e-16
1 	 595 	 1 	 1 	 -1.908536e-17 	 1.791801e-16
1 	 596 	 1 	 1 	 -2.019130e-17 	 1.751022e-16
1 	 597 	 1 	 1 	 -2.129723e-17 	 1.710243e-16
1 	 598 	 1 	 1 	 -2.240316e-17 	 1.669464e-16
1 	 599 	 1 	 1 	 -2.350909e-17 	 1.628685e-16
1 	 600 	 1 	 1 	 -2.461502e-17 	 1.587906e-16
1 	 601 	 1 	 1 	 -2.572096e-17 	 1.547126e-16
1 	 602 	 1 	 1 	 -2.682689e-17 	 1.506347e-16
1 	 603 	 1 	 1 	 -2.793282e-17 	 1.465568e-16
1 	 604 	 1 	 1 	 -2.845663e-17 	 1.432679e-16
1 	 605 	 1 	 1 	 -2.893094e-17 	 1.400461e-16
1 	 606 	 1 	 1 	 -2.940525e-17 	 1.368243e-16
1 	 607 	 1 	 1 	 -2.987956e-17 	 1.336025e-16
1 	 608 	 1 	 1 	 -3.035387e-17 	 1.303807e-16
1 	 609 	 1 	 1 	 -3.082818e-17 	 1.271588e-16
1 	 610 	 1 	 1 	 -3.130249e-17 	 1.239370e-16
1 	 611 	 1 	 1 	 -3.177680e-17 	 1.207152e-16
1 	 612 	 1 	 1 	 -3.225111e-17 	 1.174934e-16
1 	 613 	 1 	 1 	 -3.272542e-17 	 1.142716e-16
1 	 614 	 1 	 1 	 -3.302779e-17 	 1.113532e-16
1 	 615 	 1 	 1 	 -3.309338e-17 	 1.088528e-16
1 	 616 	 1 	 1 	 -3.315897e-17 	 1.063524e-16
1 	 617 	 1 	 1 	 -3.322456e-17 	 1.038520e-16
1 	 618 	 1 	 1 	 -3.329014e-17 	 1.013516e-16
1 	 619 	 1 	 1 	 -3.335573e-17 	 9.885117e-17
1 	 620 	 1 	 1 	 -3.342132e-17 	 9.635076e-17
1 	 621 	 1 	 1 	 -3.348691e-17 	 9.385034e-17
1 	 622 	 1 	 1 	 -3.355249e-17 	 9.134994e-17
1 	 623 	 1 	 1 	 -3.361808e-17 	 8.884952e-17
1 	 624 	 1 	 1 	 -3.368367e-17 	 8.634911e-17
1 	 625 	 1 	 1 	 -3.358717e-17 	 8.423515e-17
1 	 626 	 1 	 1 	 -3.340260e-17 	 8.233119e-17
1 	 627 	 1 	 1 	 -3.321803e-17 	 8.042721e-17
1 	 628 	 1 	 1 	 -3.303346e-17 	 7.852325e-17
1 	 629 	 1 	 1 	 -3.284890e-17 	 7.661928e-17
1 	 630 	 1 	 1 	 -3.266433e-17 	 7.471531e-17
1 	 631 	 1 	 1 	 -3.247976e-17 	 7.281134e-17
1 	 632 	 1 	 1 	 -3.229519e-17 	 7.090737e-17
1 	 633 	 1 	 1 	 -3.211062e-17 	 6.900341e-17
1 	 634 	 1 	 1 	 -3.192605e-17 	 6.709944e-17
1 	 635 	 1 	 1 	 -3.174148e-17 	 6.519547e-17
1 	 636 	 1 	 1 	 -3.147580e-17 	 6.358322e-17
1 	 637 	 1 	 1 	 -3.115523e-17 	 6.216840e-17
1 	 638 	 1 	 1 	 -3.083466e-17 	 6.075358e-17
1 	 639 	 1 	 1 	 -3.051409e-17 	 5.933877e-17
1 	 640 	 1 	 1 	 -3.019352e-17 	 5.792395e-17
1 	 641 	 1 	 1 	 -2.987295e-17 	 5.650913e-17
1 	 1 	 2 	 1 	 -1.418051e-19 	 9.951096e-20
1 	 2 	 2 	 1 	 -1.432528e-19 	 1.010955e-19
1 	 3 	 2 	 1 	 -1.447004e-19 	 1.026801e-19
1 	 4 	 2 	 1 	 -1.461480e-19 	 1.042646e-19
1 	 5 	 2 	 1 	 -1.475956e-19 	 1.058492e-19
1 	 6 	 2 	 1 	 -1.490433e-19 	 1.074338e-19
1 	 7 	 2 	 1 	 -1.504909e-19 	 1.090183e-19
1 	 8 	 2 	 1 	 -1.519385e-19 	 1.106029e-19
1 	 9 	 2 	 1 	 -1.533861e-19 	 1.121875e-19
1 	 10 	 2 	 1 	 -1.548338e-19 	 1.137720e-19
1 	 11 	 2 	 1 	 -1.562814e-19 	 1.153566e-19
1 	 12 	 2 	 1 	 -1.577290e-19 	 1.169412e-19
1 	 13 	 2 	 1 	 -1.583974e-19 	 1.187762e-19
1 	 14 	 2 	 1 	 -1.588797e-19 	 1.206710e-19
1 	 15 	 2 	 1 	 -1.593620e-19 	 1.225659e-19
1 	 16 	 2 	 1 	 -1.598443e-19 	 1.244607e-19
1 	 17 	 2 	 1 	 -1.603267e-19 	 1.263556e-19
1 	 18 	 2 	 1 	 -1.608090e-19 	 1.282504e-19
1 	 19 	 2 	 1 	 -1.612913e-19 	 1.301452e-19
1 	 20 	 2 	 1 	 -1.617736e-19 	 1.320401e-19
1 	 21 	 2 	 1 	 -1.622559e-19 	 1.339349e-19
1 	 22 	 2 	 1 	 -1.627382e-19 	 1.358298e-19
1 	 23 	 2 	 1 	 -1.632205e-19 	 1.377246e-19
1 	 24 	 2 	 1 	 -1.634947e-19 	 1.391697e-19
1 	 25 	 2 	 1 	 -1.637450e-19 	 1.405630e-19
1 	 26 	 2 	 1 	 -1.639952e-19 	 1.419563e-19
1 	 27 	 2 	 1 	 -1.642455e-19 	 1.433497e-19
1 	 28 	 2 	 1 	 -1.644957e-19 	 1.447430e-19
1 	 29 	 2 	 1 	 -1.647460e-19 	 1.461364e-19
1 	 30 	 2 	 1 	 -1.649962e-19 	 1.475297e-19
1 	 31 	 2 	 1 	 -1.652465e-19 	 1.489230e-19
1 	 32 	 2 	 1 	 -1.654967e-19 	 1.503164e-19
1 	 33 	 2 	 1 	 -1.657470e-19 	 1.517097e-19
1 	 34 	 2 	 1 	 -1.660002e-19 	 1.529726e-19
1 	 35 	 2 	 1 	 -1.662618e-19 	 1.538675e-19
1 	 36 	 2 	 1 	 -1.665234e-19 	 1.547624e-19
1 	 37 	 2 	 1 	 -1.667850e-19 	 1.556573e-19
1 	 38 	 2 	 1 	 -1.670466e-19 	 1.565522e-19
1 	 39 	 2 	 1 	 -1.673082e-19 	 1.574471e-19
1 	 40 	 2 	 1 	 -1.675698e-19 	 1.583420e-19
1 	 41 	 2 	 1 	 -1.678314e-19 	 1.592369e-19
1 	 42 	 2 	 1 	 -1.680929e-19 	 1.601318e-19
1 	 43 	 2 	 1 	 -1.683545e-19 	 1.610267e-19
1 	 44 	 2 	 1 	 -1.686161e-19 	 1.619216e-19
1 	 45 	 2 	 1 	 -1.696950e-19 	 1.625933e-19
1 	 46 	 2 	 1 	 -1.708698e-19 	 1.632387e-19
1 	 47 	 2 	 1 	 -1.720446e-19 	 1.638842e-19
1 	 48 	 2 	 1 	 -1.732194e-19 	 1.645296e-19
1 	 49 	 2 	 1 	 -1.743941e-19 	 1.651751e-19
1 	 50 	 2 	 1 	 -1.755689e-19 	 1.658205e-19
1 	 51 	 2 	 1 	 -1.767437e-19 	 1.664660e-19
1 	 52 	 2 	 1 	 -1.779185e-19 	 1.671114e-19
1 	 53 	 2 	 1 	 -1.790933e-19 	 1.677569e-19
1 	 54 	 2 	 1 	 -1.802681e-19 	 1.684023e-19
1 	 55 	 2 	 1 	 -1.816469e-19 	 1.698404e-19
1 	 56 	 2 	 1 	 -1.830801e-19 	 1.714895e-19
1 	 57 	 2 	 1 	 -1.845132e-19 	 1.731386e-19
1 	 58 	 2 	 1 	 -1.859464e-19 	 1.747877e-19
1 	 59 	 2 	 1 	 -1.873795e-19 	 1.764367e-19
1 	 60 	 2 	 1 	 -1.888127e-19 	 1.780858e-19
1 	 61 	 2 	 1 	 -1.902458e-19 	 1.797349e-19
1 	 62 	 2 	 1 	 -1.916790e-19 	 1.813840e-19
1 	 63 	 2 	 1 	 -1.931122e-19 	 1.830331e-19
1 	 64 	 2 	 1 	 -1.945453e-19 	 1.846822e-19
1 	 65 	 2 	 1 	 -1.956567e-19 	 1.864467e-19
1 	 66 	 2 	 1 	 -1.967474e-19 	 1.882186e-19
1 	 67 	 2 	 1 	 -1.978381e-19 	 1.899906e-19
1 	 68 	 2 	 1 	 -1.989287e-19 	 1.917626e-19
1 	 69 	 2 	 1 	 -2.000194e-19 	 1.935345e-19
1 	 70 	 2 	 1 	 -2.011100e-19 	 1.953065e-19
1 	 71 	 2 	 1 	 -2.022007e-19 	 1.970784e-19
1 	 72 	 2 	 1 	 -2.032914e-19 	 1.988504e-19
1 	 73 	 2 	 1 	 -2.043820e-19 	 2.006223e-19
1 	 74 	 2 	 1 	 -2.054201e-19 	 2.024955e-19
1 	 75 	 2 	 1 	 -2.063550e-19 	 2.045672e-19
1 	 76 	 2 	 1 	 -2.072898e-19 	 2.066389e-19
1 	 77 	 2 	 1 	 -2.082247e-19 	 2.087106e-19
1 	 78 	 2 	 1 	 -2.091596e-19 	 2.107822e-19
1 	 79 	 2 	 1 	 -2.100944e-19 	 2.128539e-19
1 	 80 	 2 	 1 	 -2.110293e-19 	 2.149256e-19
1 	 81 	 2 	 1 	 -2.119642e-19 	 2.169973e-19
1 	 82 	 2 	 1 	 -2.128990e-19 	 2.190690e-19
1 	 83 	 2 	 1 	 -2.138339e-19 	 2.211407e-19
1 	 84 	 2 	 1 	 -2.144161e-19 	 2.228869e-19
1 	 85 	 2 	 1 	 -2.149905e-19 	 2.246259e-19
1 	 86 	 2 	 1 	 -2.155649e-19 	 2.263648e-19
1 	 87 	 2 	 1 	 -2.161393e-19 	 2.281038e-19
1 	 88 	 2 	 1 	 -2.167137e-19 	 2.298428e-19
1 	 89 	 2 	 1 	 -2.172881e-19 	 2.315818e-19
1 	 90 	 2 	 1 	 -2.178625e-19 	 2.333207e-19
1 	 91 	 2 	 1 	 -2.184369e-19 	 2.350597e-19
1 	 92 	 2 	 1 	 -2.190113e-19 	 2.367987e-19
1 	 93 	 2 	 1 	 -2.197894e-19 	 2.383413e-19
1 	 94 	 2 	 1 	 -2.206021e-19 	 2.398506e-19
1 	 95 	 2 	 1 	 -2.214149e-19 	 2.413599e-19
1 	 96 	 2 	 1 	 -2.222276e-19 	 2.428692e-19
1 	 97 	 2 	 1 	 -2.230403e-19 	 2.443785e-19
1 	 98 	 2 	 1 	 -2.238530e-19 	 2.458878e-19
1 	 99 	 2 	 1 	 -2.246658e-19 	 2.473971e-19
1 	 100 	 2 	 1 	 -2.254785e-19 	 2.489064e-19
1 	 101 	 2 	 1 	 -2.262912e-19 	 2.504157e-19
1 	 102 	 2 	 1 	 -2.273505e-19 	 2.515696e-19
1 	 103 	 2 	 1 	 -2.284196e-19 	 2.527092e-19
1 	 104 	 2 	 1 	 -2.294888e-19 	 2.538489e-19
1 	 105 	 2 	 1 	 -2.305579e-19 	 2.549886e-19
1 	 106 	 2 	 1 	 -2.316271e-19 	 2.561283e-19
1 	 107 	 2 	 1 	 -2.326962e-19 	 2.572680e-19
1 	 108 	 2 	 1 	 -2.337654e-19 	 2.584077e-19
1 	 109 	 2 	 1 	 -2.348345e-19 	 2.595473e-19
1 	 110 	 2 	 1 	 -2.361174e-19 	 2.606315e-19
1 	 111 	 2 	 1 	 -2.379167e-19 	 2.615813e-19
1 	 112 	 2 	 1 	 -2.397159e-19 	 2.625312e-19
1 	 113 	 2 	 1 	 -2.415151e-19 	 2.634810e-19
1 	 114 	 2 	 1 	 -2.433144e-19 	 2.644309e-19
1 	 115 	 2 	 1 	 -2.451136e-19 	 2.653807e-19
1 	 116 	 2 	 1 	 -2.469128e-19 	 2.663306e-19
1 	 117 	 2 	 1 	 -2.487121e-19 	 2.672804e-19
1 	 118 	 2 	 1 	 -2.505113e-19 	 2.682303e-19
1 	 119 	 2 	 1 	 -2.530290e-19 	 2.692169e-19
1 	 120 	 2 	 1 	 -2.556808e-19 	 2.702104e-19
1 	 121 	 2 	 1 	 -2.583326e-19 	 2.712039e-19
1 	 122 	 2 	 1 	 -2.609845e-19 	 2.721975e-19
1 	 123 	 2 	 1 	 -2.636363e-19 	 2.731910e-19
1 	 124 	 2 	 1 	 -2.662881e-19 	 2.741844e-19
1 	 125 	 2 	 1 	 -2.689399e-19 	 2.751779e-19
1 	 126 	 2 	 1 	 -2.715917e-19 	 2.761715e-19
1 	 127 	 2 	 1 	 -2.748286e-19 	 2.773924e-19
1 	 128 	 2 	 1 	 -2.784463e-19 	 2.787615e-19
1 	 129 	 2 	 1 	 -2.820639e-19 	 2.801305e-19
1 	 130 	 2 	 1 	 -2.856816e-19 	 2.814996e-19
1 	 131 	 2 	 1 	 -2.892992e-19 	 2.828686e-19
1 	 132 	 2 	 1 	 -2.929169e-19 	 2.842376e-19
1 	 133 	 2 	 1 	 -2.965345e-19 	 2.856067e-19
1 	 134 	 2 	 1 	 -3.001522e-19 	 2.869757e-19
1 	 135 	 2 	 1 	 -3.042761e-19 	 2.886227e-19
1 	 136 	 2 	 1 	 -3.087717e-19 	 2.904737e-19
1 	 137 	 2 	 1 	 -3.132673e-19 	 2.923247e-19
1 	 138 	 2 	 1 	 -3.177629e-19 	 2.941757e-19
1 	 139 	 2 	 1 	 -3.222585e-19 	 2.960267e-19
1 	 140 	 2 	 1 	 -3.267541e-19 	 2.978778e-19
1 	 141 	 2 	 1 	 -3.312497e-19 	 2.997288e-19
1 	 142 	 2 	 1 	 -3.357453e-19 	 3.015798e-19
1 	 143 	 2 	 1 	 -3.410160e-19 	 3.039350e-19
1 	 144 	 2 	 1 	 -3.465449e-19 	 3.064581e-19
1 	 145 	 2 	 1 	 -3.520738e-19 	 3.089812e-19
1 	 146 	 2 	 1 	 -3.576027e-19 	 3.115043e-19
1 	 147 	 2 	 1 	 -3.631316e-19 	 3.140274e-19
1 	 148 	 2 	 1 	 -3.686604e-19 	 3.165505e-19
1 	 149 	 2 	 1 	 -3.741893e-19 	 3.190736e-19
1 	 150 	 2 	 1 	 -3.798302e-19 	 3.217027e-19
1 	 151 	 2 	 1 	 -3.862843e-19 	 3.251011e-19
1 	 152 	 2 	 1 	 -3.927384e-19 	 3.284995e-19
1 	 153 	 2 	 1 	 -3.991925e-19 	 3.318979e-19
1 	 154 	 2 	 1 	 -4.056466e-19 	 3.352963e-19
1 	 155 	 2 	 1 	 -4.121007e-19 	 3.386948e-19
1 	 156 	 2 	 1 	 -4.185548e-19 	 3.420932e-19
1 	 157 	 2 	 1 	 -4.250089e-19 	 3.454916e-19
1 	 158 	 2 	 1 	 -4.321011e-19 	 3.494739e-19
1 	 159 	 2 	 1 	 -4.394875e-19 	 3.537255e-19
1 	 160 	 2 	 1 	 -4.468739e-19 	 3.579770e-19
1 	 161 	 2 	 1 	 -4.542603e-19 	 3.622285e-19
1 	 162 	 2 	 1 	 -4.616467e-19 	 3.664801e-19
1 	 163 	 2 	 1 	 -4.690331e-19 	 3.707316e-19
1 	 164 	 2 	 1 	 -4.764194e-19 	 3.749831e-19
1 	 165 	 2 	 1 	 -4.842796e-19 	 3.796313e-19
1 	 166 	 2 	 1 	 -4.927537e-19 	 3.847937e-19
1 	 167 	 2 	 1 	 -5.012278e-19 	 3.899561e-19
1 	 168 	 2 	 1 	 -5.097020e-19 	 3.951185e-19
1 	 169 	 2 	 1 	 -5.181761e-19 	 4.002808e-19
1 	 170 	 2 	 1 	 -5.266503e-19 	 4.054432e-19
1 	 171 	 2 	 1 	 -5.351244e-19 	 4.106056e-19
1 	 172 	 2 	 1 	 -5.440478e-19 	 4.161065e-19
1 	 173 	 2 	 1 	 -5.537380e-19 	 4.221852e-19
1 	 174 	 2 	 1 	 -5.634282e-19 	 4.282639e-19
1 	 175 	 2 	 1 	 -5.731184e-19 	 4.343426e-19
1 	 176 	 2 	 1 	 -5.828086e-19 	 4.404213e-19
1 	 177 	 2 	 1 	 -5.924988e-19 	 4.465000e-19
1 	 178 	 2 	 1 	 -6.021890e-19 	 4.525787e-19
1 	 179 	 2 	 1 	 -6.126037e-19 	 4.591672e-19
1 	 180 	 2 	 1 	 -6.237980e-19 	 4.663045e-19
1 	 181 	 2 	 1 	 -6.349925e-19 	 4.734417e-19
1 	 182 	 2 	 1 	 -6.461869e-19 	 4.805790e-19
1 	 183 	 2 	 1 	 -6.573814e-19 	 4.877162e-19
1 	 184 	 2 	 1 	 -6.685758e-19 	 4.948535e-19
1 	 185 	 2 	 1 	 -6.797703e-19 	 5.019907e-19
1 	 186 	 2 	 1 	 -6.922325e-19 	 5.099918e-19
1 	 187 	 2 	 1 	 -7.050787e-19 	 5.182547e-19
1 	 188 	 2 	 1 	 -7.179248e-19 	 5.265175e-19
1 	 189 	 2 	 1 	 -7.307710e-19 	 5.347803e-19
1 	 190 	 2 	 1 	 -7.436172e-19 	 5.430431e-19
1 	 191 	 2 	 1 	 -7.564633e-19 	 5.513059e-19
1 	 192 	 2 	 1 	 -7.697464e-19 	 5.598311e-19
1 	 193 	 2 	 1 	 -7.845523e-19 	 5.692711e-19
1 	 194 	 2 	 1 	 -7.993582e-19 	 5.787110e-19
1 	 195 	 2 	 1 	 -8.141640e-19 	 5.881510e-19
1 	 196 	 2 	 1 	 -8.289699e-19 	 5.975909e-19
1 	 197 	 2 	 1 	 -8.437758e-19 	 6.070309e-19
1 	 198 	 2 	 1 	 -8.585817e-19 	 6.164708e-19
1 	 199 	 2 	 1 	 -8.752692e-19 	 6.268243e-19
1 	 200 	 2 	 1 	 -8.923060e-19 	 6.373474e-19
1 	 201 	 2 	 1 	 -9.093428e-19 	 6.478705e-19
1 	 202 	 2 	 1 	 -9.263796e-19 	 6.583936e-19
1 	 203 	 2 	 1 	 -9.434165e-19 	 6.689167e-19
1 	 204 	 2 	 1 	 -9.604534e-19 	 6.794398e-19
1 	 205 	 2 	 1 	 -9.792312e-19 	 6.905186e-19
1 	 206 	 2 	 1 	 -9.990544e-19 	 7.019310e-19
1 	 207 	 2 	 1 	 -1.018877e-18 	 7.133434e-19
1 	 208 	 2 	 1 	 -1.038701e-18 	 7.247558e-19
1 	 209 	 2 	 1 	 -1.058524e-18 	 7.361682e-19
1 	 210 	 2 	 1 	 -1.078347e-18 	 7.475806e-19
1 	 211 	 2 	 1 	 -1.100178e-18 	 7.592051e-19
1 	 212 	 2 	 1 	 -1.123568e-18 	 7.709941e-19
1 	 213 	 2 	 1 	 -1.146957e-18 	 7.827830e-19
1 	 214 	 2 	 1 	 -1.170347e-18 	 7.945720e-19
1 	 215 	 2 	 1 	 -1.193736e-18 	 8.063609e-19
1 	 216 	 2 	 1 	 -1.217125e-18 	 8.181499e-19
1 	 217 	 2 	 1 	 -1.243743e-18 	 8.296558e-19
1 	 218 	 2 	 1 	 -1.272066e-18 	 8.410125e-19
1 	 219 	 2 	 1 	 -1.300389e-18 	 8.523691e-19
1 	 220 	 2 	 1 	 -1.328712e-18 	 8.637257e-19
1 	 221 	 2 	 1 	 -1.357035e-18 	 8.750823e-19
1 	 222 	 2 	 1 	 -1.385358e-18 	 8.864390e-19
1 	 223 	 2 	 1 	 -1.420291e-18 	 8.964120e-19
1 	 224 	 2 	 1 	 -1.456001e-18 	 9.062224e-19
1 	 225 	 2 	 1 	 -1.491711e-18 	 9.160327e-19
1 	 226 	 2 	 1 	 -1.527421e-18 	 9.258432e-19
1 	 227 	 2 	 1 	 -1.563131e-18 	 9.356536e-19
1 	 228 	 2 	 1 	 -1.602069e-18 	 9.447233e-19
1 	 229 	 2 	 1 	 -1.649293e-18 	 9.518927e-19
1 	 230 	 2 	 1 	 -1.696516e-18 	 9.590621e-19
1 	 231 	 2 	 1 	 -1.743739e-18 	 9.662313e-19
1 	 232 	 2 	 1 	 -1.790962e-18 	 9.734007e-19
1 	 233 	 2 	 1 	 -1.838186e-18 	 9.805701e-19
1 	 234 	 2 	 1 	 -1.899820e-18 	 9.854319e-19
1 	 235 	 2 	 1 	 -1.964885e-18 	 9.897445e-19
1 	 236 	 2 	 1 	 -2.029949e-18 	 9.940571e-19
1 	 237 	 2 	 1 	 -2.095014e-18 	 9.983697e-19
1 	 238 	 2 	 1 	 -2.160078e-18 	 1.002682e-18
1 	 239 	 2 	 1 	 -2.237756e-18 	 1.006495e-18
1 	 240 	 2 	 1 	 -2.329479e-18 	 1.009750e-18
1 	 241 	 2 	 1 	 -2.421203e-18 	 1.013005e-18
1 	 242 	 2 	 1 	 -2.512926e-18 	 1.016260e-18
1 	 243 	 2 	 1 	 -2.604650e-18 	 1.019515e-18
1 	 244 	 2 	 1 	 -2.706633e-18 	 1.024025e-18
1 	 245 	 2 	 1 	 -2.835927e-18 	 1.031874e-18
1 	 246 	 2 	 1 	 -2.965221e-18 	 1.039723e-18
1 	 247 	 2 	 1 	 -3.094516e-18 	 1.047572e-18
1 	 248 	 2 	 1 	 -3.223810e-18 	 1.055420e-18
1 	 249 	 2 	 1 	 -3.363072e-18 	 1.066574e-18
1 	 250 	 2 	 1 	 -3.541168e-18 	 1.090604e-18
1 	 251 	 2 	 1 	 -3.719265e-18 	 1.114634e-18
1 	 252 	 2 	 1 	 -3.897362e-18 	 1.138665e-18
1 	 253 	 2 	 1 	 -4.075460e-18 	 1.162695e-18
1 	 254 	 2 	 1 	 -4.268398e-18 	 1.195779e-18
1 	 255 	 2 	 1 	 -4.502864e-18 	 1.254197e-18
1 	 256 	 2 	 1 	 -4.737330e-18 	 1.312614e-18
1 	 257 	 2 	 1 	 -4.971797e-18 	 1.371032e-18
1 	 258 	 2 	 1 	 -5.206263e-18 	 1.429450e-18
1 	 259 	 2 	 1 	 -5.465949e-18 	 1.513553e-18
1 	 260 	 2 	 1 	 -5.756836e-18 	 1.629434e-18
1 	 261 	 2 	 1 	 -6.047723e-18 	 1.745315e-18
1 	 262 	 2 	 1 	 -6.338611e-18 	 1.861196e-18
1 	 263 	 2 	 1 	 -6.629498e-18 	 1.977077e-18
1 	 264 	 2 	 1 	 -6.954454e-18 	 2.154989e-18
1 	 265 	 2 	 1 	 -7.290633e-18 	 2.353335e-18
1 	 266 	 2 	 1 	 -7.626811e-18 	 2.551681e-18
1 	 267 	 2 	 1 	 -7.962989e-18 	 2.750026e-18
1 	 268 	 2 	 1 	 -8.302452e-18 	 2.966471e-18
1 	 269 	 2 	 1 	 -8.657305e-18 	 3.267717e-18
1 	 270 	 2 	 1 	 -9.012158e-18 	 3.568963e-18
1 	 271 	 2 	 1 	 -9.367011e-18 	 3.870209e-18
1 	 272 	 2 	 1 	 -9.721864e-18 	 4.171455e-18
1 	 273 	 2 	 1 	 -1.006122e-17 	 4.549985e-18
1 	 274 	 2 	 1 	 -1.039440e-17 	 4.959320e-18
1 	 275 	 2 	 1 	 -1.072758e-17 	 5.368654e-18
1 	 276 	 2 	 1 	 -1.106076e-17 	 5.777989e-18
1 	 277 	 2 	 1 	 -1.136915e-17 	 6.221291e-18
1 	 278 	 2 	 1 	 -1.163472e-17 	 6.723263e-18
1 	 279 	 2 	 1 	 -1.190029e-17 	 7.225235e-18
1 	 280 	 2 	 1 	 -1.216587e-17 	 7.727207e-18
1 	 281 	 2 	 1 	 -1.241687e-17 	 8.236097e-18
1 	 282 	 2 	 1 	 -1.256865e-17 	 8.792093e-18
1 	 283 	 2 	 1 	 -1.272043e-17 	 9.348090e-18
1 	 284 	 2 	 1 	 -1.287221e-17 	 9.904086e-18
1 	 285 	 2 	 1 	 -1.302399e-17 	 1.046008e-17
1 	 286 	 2 	 1 	 -1.302827e-17 	 1.100544e-17
1 	 287 	 2 	 1 	 -1.303200e-17 	 1.155075e-17
1 	 288 	 2 	 1 	 -1.303574e-17 	 1.209607e-17
1 	 289 	 2 	 1 	 -1.303948e-17 	 1.264138e-17
1 	 290 	 2 	 1 	 -1.289011e-17 	 1.310157e-17
1 	 291 	 2 	 1 	 -1.273583e-17 	 1.355902e-17
1 	 292 	 2 	 1 	 -1.258156e-17 	 1.401647e-17
1 	 293 	 2 	 1 	 -1.242093e-17 	 1.446681e-17
1 	 294 	 2 	 1 	 -1.211931e-17 	 1.475914e-17
1 	 295 	 2 	 1 	 -1.181769e-17 	 1.505146e-17
1 	 296 	 2 	 1 	 -1.151608e-17 	 1.534379e-17
1 	 297 	 2 	 1 	 -1.118974e-17 	 1.558604e-17
1 	 298 	 2 	 1 	 -1.077383e-17 	 1.564691e-17
1 	 299 	 2 	 1 	 -1.035793e-17 	 1.570778e-17
1 	 300 	 2 	 1 	 -9.942020e-18 	 1.576865e-17
1 	 301 	 2 	 1 	 -9.491316e-18 	 1.569703e-17
1 	 302 	 2 	 1 	 -9.003820e-18 	 1.548533e-17
1 	 303 	 2 	 1 	 -8.516324e-18 	 1.527363e-17
1 	 304 	 2 	 1 	 -8.028828e-18 	 1.506193e-17
1 	 305 	 2 	 1 	 -7.521649e-18 	 1.460899e-17
1 	 306 	 2 	 1 	 -7.010996e-18 	 1.411347e-17
1 	 307 	 2 	 1 	 -6.500343e-18 	 1.361795e-17
1 	 308 	 2 	 1 	 -5.991148e-18 	 1.304353e-17
1 	 309 	 2 	 1 	 -5.485268e-18 	 1.228981e-17
1 	 310 	 2 	 1 	 -4.979389e-18 	 1.153609e-17
1 	 311 	 2 	 1 	 -4.473509e-18 	 1.078237e-17
1 	 312 	 2 	 1 	 -3.991428e-18 	 9.841614e-18
1 	 313 	 2 	 1 	 -3.513527e-18 	 8.868016e-18
1 	 314 	 2 	 1 	 -3.035625e-18 	 7.894417e-18
1 	 315 	 2 	 1 	 -2.572017e-18 	 6.849937e-18
1 	 316 	 2 	 1 	 -2.123719e-18 	 5.729530e-18
1 	 317 	 2 	 1 	 -1.675420e-18 	 4.609123e-18
1 	 318 	 2 	 1 	 -1.228749e-18 	 3.473633e-18
1 	 319 	 2 	 1 	 -7.885788e-19 	 2.277810e-18
1 	 320 	 2 	 1 	 -3.484094e-19 	 1.081987e-18
1 	 321 	 2 	 1 	 9.176042e-20 	 -1.138362e-19
1 	 322 	 2 	 1 	 5.170222e-19 	 -1.312847e-18
1 	 323 	 2 	 1 	 9.422844e-19 	 -2.511858e-18
1 	 324 	 2 	 1 	 1.367546e-18 	 -3.710870e-18
1 	 325 	 2 	 1 	 1.819213e-18 	 -4.849650e-18
1 	 326 	 2 	 1 	 2.277485e-18 	 -5.973371e-18
1 	 327 	 2 	 1 	 2.735755e-18 	 -7.097093e-18
1 	 328 	 2 	 1 	 3.203271e-18 	 -8.138506e-18
1 	 329 	 2 	 1 	 3.679420e-18 	 -9.103077e-18
1 	 330 	 2 	 1 	 4.155568e-18 	 -1.006765e-17
1 	 331 	 2 	 1 	 4.635894e-18 	 -1.100164e-17
1 	 332 	 2 	 1 	 5.140011e-18 	 -1.176150e-17
1 	 333 	 2 	 1 	 5.644129e-18 	 -1.252136e-17
1 	 334 	 2 	 1 	 6.148247e-18 	 -1.328123e-17
1 	 335 	 2 	 1 	 6.661943e-18 	 -1.385382e-17
1 	 336 	 2 	 1 	 7.179854e-18 	 -1.434401e-17
1 	 337 	 2 	 1 	 7.697766e-18 	 -1.483420e-17
1 	 338 	 2 	 1 	 8.210546e-18 	 -1.528216e-17
1 	 339 	 2 	 1 	 8.694254e-18 	 -1.549091e-17
1 	 340 	 2 	 1 	 9.177963e-18 	 -1.569966e-17
1 	 341 	 2 	 1 	 9.661671e-18 	 -1.590842e-17
1 	 342 	 2 	 1 	 1.011167e-17 	 -1.597882e-17
1 	 343 	 2 	 1 	 1.052979e-17 	 -1.591836e-17
1 	 344 	 2 	 1 	 1.094791e-17 	 -1.585790e-17
1 	 345 	 2 	 1 	 1.136603e-17 	 -1.579744e-17
1 	 346 	 2 	 1 	 1.169433e-17 	 -1.555290e-17
1 	 347 	 2 	 1 	 1.199783e-17 	 -1.525755e-17
1 	 348 	 2 	 1 	 1.230134e-17 	 -1.496221e-17
1 	 349 	 2 	 1 	 1.260484e-17 	 -1.466686e-17
1 	 350 	 2 	 1 	 1.276517e-17 	 -1.421333e-17
1 	 351 	 2 	 1 	 1.291906e-17 	 -1.375268e-17
1 	 352 	 2 	 1 	 1.307295e-17 	 -1.329203e-17
1 	 353 	 2 	 1 	 1.322191e-17 	 -1.282871e-17
1 	 354 	 2 	 1 	 1.321748e-17 	 -1.228213e-17
1 	 355 	 2 	 1 	 1.321304e-17 	 -1.173555e-17
1 	 356 	 2 	 1 	 1.320860e-17 	 -1.118897e-17
1 	 357 	 2 	 1 	 1.320363e-17 	 -1.064234e-17
1 	 358 	 2 	 1 	 1.305255e-17 	 -1.008433e-17
1 	 359 	 2 	 1 	 1.290146e-17 	 -9.526311e-18
1 	 360 	 2 	 1 	 1.275038e-17 	 -8.968294e-18
1 	 361 	 2 	 1 	 1.259929e-17 	 -8.410277e-18
1 	 362 	 2 	 1 	 1.234753e-17 	 -7.898249e-18
1 	 363 	 2 	 1 	 1.208098e-17 	 -7.392975e-18
1 	 364 	 2 	 1 	 1.181444e-17 	 -6.887700e-18
1 	 365 	 2 	 1 	 1.154789e-17 	 -6.382426e-18
1 	 366 	 2 	 1 	 1.123801e-17 	 -5.936630e-18
1 	 367 	 2 	 1 	 1.090304e-17 	 -5.525272e-18
1 	 368 	 2 	 1 	 1.056808e-17 	 -5.113913e-18
1 	 369 	 2 	 1 	 1.023311e-17 	 -4.702554e-18
1 	 370 	 2 	 1 	 9.892190e-18 	 -4.321912e-18
1 	 371 	 2 	 1 	 9.536342e-18 	 -4.018335e-18
1 	 372 	 2 	 1 	 9.180494e-18 	 -3.714759e-18
1 	 373 	 2 	 1 	 8.824645e-18 	 -3.411181e-18
1 	 374 	 2 	 1 	 8.468797e-18 	 -3.107604e-18
1 	 375 	 2 	 1 	 8.127604e-18 	 -2.888136e-18
1 	 376 	 2 	 1 	 7.789538e-18 	 -2.686618e-18
1 	 377 	 2 	 1 	 7.451473e-18 	 -2.485100e-18
1 	 378 	 2 	 1 	 7.113408e-18 	 -2.283582e-18
1 	 379 	 2 	 1 	 6.786390e-18 	 -2.102649e-18
1 	 380 	 2 	 1 	 6.492912e-18 	 -1.984208e-18
1 	 381 	 2 	 1 	 6.199434e-18 	 -1.865767e-18
1 	 382 	 2 	 1 	 5.905956e-18 	 -1.747326e-18
1 	 383 	 2 	 1 	 5.612478e-18 	 -1.628885e-18
1 	 384 	 2 	 1 	 5.350406e-18 	 -1.542360e-18
1 	 385 	 2 	 1 	 5.113718e-18 	 -1.481633e-18
1 	 386 	 2 	 1 	 4.877031e-18 	 -1.420906e-18
1 	 387 	 2 	 1 	 4.640343e-18 	 -1.360178e-18
1 	 388 	 2 	 1 	 4.403656e-18 	 -1.299451e-18
1 	 389 	 2 	 1 	 4.208431e-18 	 -1.263925e-18
1 	 390 	 2 	 1 	 4.028026e-18 	 -1.237405e-18
1 	 391 	 2 	 1 	 3.847620e-18 	 -1.210885e-18
1 	 392 	 2 	 1 	 3.667214e-18 	 -1.184366e-18
1 	 393 	 2 	 1 	 3.486809e-18 	 -1.157846e-18
1 	 394 	 2 	 1 	 3.345022e-18 	 -1.144522e-18
1 	 395 	 2 	 1 	 3.213149e-18 	 -1.134585e-18
1 	 396 	 2 	 1 	 3.081275e-18 	 -1.124648e-18
1 	 397 	 2 	 1 	 2.949402e-18 	 -1.114711e-18
1 	 398 	 2 	 1 	 2.817528e-18 	 -1.104774e-18
1 	 399 	 2 	 1 	 2.713155e-18 	 -1.098607e-18
1 	 400 	 2 	 1 	 2.619113e-18 	 -1.093857e-18
1 	 401 	 2 	 1 	 2.525071e-18 	 -1.089106e-18
1 	 402 	 2 	 1 	 2.431029e-18 	 -1.084355e-18
1 	 403 	 2 	 1 	 2.336987e-18 	 -1.079605e-18
1 	 404 	 2 	 1 	 2.257166e-18 	 -1.074494e-18
1 	 405 	 2 	 1 	 2.190113e-18 	 -1.069061e-18
1 	 406 	 2 	 1 	 2.123061e-18 	 -1.063627e-18
1 	 407 	 2 	 1 	 2.056009e-18 	 -1.058194e-18
1 	 408 	 2 	 1 	 1.988957e-18 	 -1.052760e-18
1 	 409 	 2 	 1 	 1.925384e-18 	 -1.046857e-18
1 	 410 	 2 	 1 	 1.876432e-18 	 -1.038976e-18
1 	 411 	 2 	 1 	 1.827481e-18 	 -1.031096e-18
1 	 412 	 2 	 1 	 1.778529e-18 	 -1.023216e-18
1 	 413 	 2 	 1 	 1.729577e-18 	 -1.015335e-18
1 	 414 	 2 	 1 	 1.680626e-18 	 -1.007455e-18
1 	 415 	 2 	 1 	 1.640184e-18 	 -9.980652e-19
1 	 416 	 2 	 1 	 1.603059e-18 	 -9.880869e-19
1 	 417 	 2 	 1 	 1.565934e-18 	 -9.781086e-19
1 	 418 	 2 	 1 	 1.528809e-18 	 -9.681303e-19
1 	 419 	 2 	 1 	 1.491685e-18 	 -9.581520e-19
1 	 420 	 2 	 1 	 1.455386e-18 	 -9.480613e-19
1 	 421 	 2 	 1 	 1.426113e-18 	 -9.370132e-19
1 	 422 	 2 	 1 	 1.396839e-18 	 -9.259652e-19
1 	 423 	 2 	 1 	 1.367566e-18 	 -9.149172e-19
1 	 424 	 2 	 1 	 1.338293e-18 	 -9.038691e-19
1 	 425 	 2 	 1 	 1.309019e-18 	 -8.928211e-19
1 	 426 	 2 	 1 	 1.281625e-18 	 -8.817441e-19
1 	 427 	 2 	 1 	 1.257788e-18 	 -8.706122e-19
1 	 428 	 2 	 1 	 1.233952e-18 	 -8.594804e-19
1 	 429 	 2 	 1 	 1.210116e-18 	 -8.483485e-19
1 	 430 	 2 	 1 	 1.186280e-18 	 -8.372166e-19
1 	 431 	 2 	 1 	 1.162443e-18 	 -8.260847e-19
1 	 432 	 2 	 1 	 1.140373e-18 	 -8.152070e-19
1 	 433 	 2 	 1 	 1.120578e-18 	 -8.046569e-19
1 	 434 	 2 	 1 	 1.100784e-18 	 -7.941069e-19
1 	 435 	 2 	 1 	 1.080990e-18 	 -7.835569e-19
1 	 436 	 2 	 1 	 1.061196e-18 	 -7.730069e-19
1 	 437 	 2 	 1 	 1.041402e-18 	 -7.624569e-19
1 	 438 	 2 	 1 	 1.022816e-18 	 -7.522504e-19
1 	 439 	 2 	 1 	 1.006243e-18 	 -7.426161e-19
1 	 440 	 2 	 1 	 9.896693e-19 	 -7.329818e-19
1 	 441 	 2 	 1 	 9.730959e-19 	 -7.233475e-19
1 	 442 	 2 	 1 	 9.565225e-19 	 -7.137132e-19
1 	 443 	 2 	 1 	 9.399492e-19 	 -7.040789e-19
1 	 444 	 2 	 1 	 9.237864e-19 	 -6.946026e-19
1 	 445 	 2 	 1 	 9.098354e-19 	 -6.859773e-19
1 	 446 	 2 	 1 	 8.958845e-19 	 -6.773520e-19
1 	 447 	 2 	 1 	 8.819335e-19 	 -6.687267e-19
1 	 448 	 2 	 1 	 8.679824e-19 	 -6.601015e-19
1 	 449 	 2 	 1 	 8.540315e-19 	 -6.514761e-19
1 	 450 	 2 	 1 	 8.400805e-19 	 -6.428509e-19
1 	 451 	 2 	 1 	 8.278683e-19 	 -6.349380e-19
1 	 452 	 2 	 1 	 8.161550e-19 	 -6.272296e-19
1 	 453 	 2 	 1 	 8.044417e-19 	 -6.195212e-19
1 	 454 	 2 	 1 	 7.927284e-19 	 -6.118128e-19
1 	 455 	 2 	 1 	 7.810151e-19 	 -6.041044e-19
1 	 456 	 2 	 1 	 7.693019e-19 	 -5.963960e-19
1 	 457 	 2 	 1 	 7.580154e-19 	 -5.888719e-19
1 	 458 	 2 	 1 	 7.481390e-19 	 -5.819564e-19
1 	 459 	 2 	 1 	 7.382626e-19 	 -5.750409e-19
1 	 460 	 2 	 1 	 7.283861e-19 	 -5.681253e-19
1 	 461 	 2 	 1 	 7.185097e-19 	 -5.612098e-19
1 	 462 	 2 	 1 	 7.086333e-19 	 -5.542943e-19
1 	 463 	 2 	 1 	 6.987568e-19 	 -5.473788e-19
1 	 464 	 2 	 1 	 6.896918e-19 	 -5.407633e-19
1 	 465 	 2 	 1 	 6.813807e-19 	 -5.344265e-19
1 	 466 	 2 	 1 	 6.730695e-19 	 -5.280897e-19
1 	 467 	 2 	 1 	 6.647583e-19 	 -5.217530e-19
1 	 468 	 2 	 1 	 6.564471e-19 	 -5.154162e-19
1 	 469 	 2 	 1 	 6.481359e-19 	 -5.090794e-19
1 	 470 	 2 	 1 	 6.398248e-19 	 -5.027426e-19
1 	 471 	 2 	 1 	 6.322339e-19 	 -4.966879e-19
1 	 472 	 2 	 1 	 6.250652e-19 	 -4.907984e-19
1 	 473 	 2 	 1 	 6.178964e-19 	 -4.849089e-19
1 	 474 	 2 	 1 	 6.107276e-19 	 -4.790195e-19
1 	 475 	 2 	 1 	 6.035588e-19 	 -4.731300e-19
1 	 476 	 2 	 1 	 5.963900e-19 	 -4.672406e-19
1 	 477 	 2 	 1 	 5.892213e-19 	 -4.613511e-19
1 	 478 	 2 	 1 	 5.825594e-19 	 -4.556897e-19
1 	 479 	 2 	 1 	 5.762887e-19 	 -4.502043e-19
1 	 480 	 2 	 1 	 5.700179e-19 	 -4.447188e-19
1 	 481 	 2 	 1 	 5.637471e-19 	 -4.392334e-19
1 	 482 	 2 	 1 	 5.574764e-19 	 -4.337480e-19
1 	 483 	 2 	 1 	 5.512056e-19 	 -4.282626e-19
1 	 484 	 2 	 1 	 5.449349e-19 	 -4.227771e-19
1 	 485 	 2 	 1 	 5.388566e-19 	 -4.174195e-19
1 	 486 	 2 	 1 	 5.331961e-19 	 -4.123389e-19
1 	 487 	 2 	 1 	 5.275356e-19 	 -4.072584e-19
1 	 488 	 2 	 1 	 5.218751e-19 	 -4.021778e-19
1 	 489 	 2 	 1 	 5.162146e-19 	 -3.970973e-19
1 	 490 	 2 	 1 	 5.105542e-19 	 -3.920167e-19
1 	 491 	 2 	 1 	 5.048937e-19 	 -3.869362e-19
1 	 492 	 2 	 1 	 4.992332e-19 	 -3.818557e-19
1 	 493 	 2 	 1 	 4.940514e-19 	 -3.772211e-19
1 	 494 	 2 	 1 	 4.889356e-19 	 -3.726479e-19
1 	 495 	 2 	 1 	 4.838197e-19 	 -3.680748e-19
1 	 496 	 2 	 1 	 4.787039e-19 	 -3.635016e-19
1 	 497 	 2 	 1 	 4.735880e-19 	 -3.589285e-19
1 	 498 	 2 	 1 	 4.684722e-19 	 -3.543553e-19
1 	 499 	 2 	 1 	 4.633564e-19 	 -3.497822e-19
1 	 500 	 2 	 1 	 4.583725e-19 	 -3.453166e-19
1 	 501 	 2 	 1 	 4.537849e-19 	 -3.411741e-19
1 	 502 	 2 	 1 	 4.491973e-19 	 -3.370315e-19
1 	 503 	 2 	 1 	 4.446097e-19 	 -3.328889e-19
1 	 504 	 2 	 1 	 4.400221e-19 	 -3.287464e-19
1 	 505 	 2 	 1 	 4.354345e-19 	 -3.246038e-19
1 	 506 	 2 	 1 	 4.308469e-19 	 -3.204613e-19
1 	 507 	 2 	 1 	 4.262593e-19 	 -3.163187e-19
1 	 508 	 2 	 1 	 4.218548e-19 	 -3.123434e-19
1 	 509 	 2 	 1 	 4.176998e-19 	 -3.085960e-19
1 	 510 	 2 	 1 	 4.135447e-19 	 -3.048485e-19
1 	 511 	 2 	 1 	 4.093897e-19 	 -3.011011e-19
1 	 512 	 2 	 1 	 4.052346e-19 	 -2.973537e-19
1 	 513 	 2 	 1 	 4.010796e-19 	 -2.936062e-19
1 	 514 	 2 	 1 	 3.969245e-19 	 -2.898588e-19
1 	 515 	 2 	 1 	 3.927694e-19 	 -2.861114e-19
1 	 516 	 2 	 1 	 3.887751e-19 	 -2.825127e-19
1 	 517 	 2 	 1 	 3.850278e-19 	 -2.791426e-19
1 	 518 	 2 	 1 	 3.812804e-19 	 -2.757725e-19
1 	 519 	 2 	 1 	 3.775331e-19 	 -2.724024e-19
1 	 520 	 2 	 1 	 3.737857e-19 	 -2.690322e-19
1 	 521 	 2 	 1 	 3.700384e-19 	 -2.656621e-19
1 	 522 	 2 	 1 	 3.662910e-19 	 -2.622920e-19
1 	 523 	 2 	 1 	 3.625437e-19 	 -2.589219e-19
1 	 524 	 2 	 1 	 3.588635e-19 	 -2.555989e-19
1 	 525 	 2 	 1 	 3.555432e-19 	 -2.525281e-19
1 	 526 	 2 	 1 	 3.522229e-19 	 -2.494574e-19
1 	 527 	 2 	 1 	 3.489026e-19 	 -2.463866e-19
1 	 528 	 2 	 1 	 3.455823e-19 	 -2.433158e-19
1 	 529 	 2 	 1 	 3.422620e-19 	 -2.402450e-19
1 	 530 	 2 	 1 	 3.389417e-19 	 -2.371743e-19
1 	 531 	 2 	 1 	 3.356214e-19 	 -2.341035e-19
1 	 532 	 2 	 1 	 3.323011e-19 	 -2.310327e-19
1 	 533 	 2 	 1 	 3.291446e-19 	 -2.280906e-19
1 	 534 	 2 	 1 	 3.260560e-19 	 -2.252018e-19
1 	 535 	 2 	 1 	 3.229674e-19 	 -2.223129e-19
1 	 536 	 2 	 1 	 3.198789e-19 	 -2.194241e-19
1 	 537 	 2 	 1 	 3.167903e-19 	 -2.165352e-19
1 	 538 	 2 	 1 	 3.137017e-19 	 -2.136464e-19
1 	 539 	 2 	 1 	 3.106131e-19 	 -2.107575e-19
1 	 540 	 2 	 1 	 3.075245e-19 	 -2.078687e-19
1 	 541 	 2 	 1 	 3.044463e-19 	 -2.049911e-19
1 	 542 	 2 	 1 	 3.016282e-19 	 -2.023949e-19
1 	 543 	 2 	 1 	 2.988102e-19 	 -1.997988e-19
1 	 544 	 2 	 1 	 2.959921e-19 	 -1.972026e-19
1 	 545 	 2 	 1 	 2.931741e-19 	 -1.946065e-19
1 	 546 	 2 	 1 	 2.903560e-19 	 -1.920103e-19
1 	 547 	 2 	 1 	 2.875379e-19 	 -1.894142e-19
1 	 548 	 2 	 1 	 2.847199e-19 	 -1.868180e-19
1 	 549 	 2 	 1 	 2.819018e-19 	 -1.842219e-19
1 	 550 	 2 	 1 	 2.790942e-19 	 -1.816185e-19
1 	 551 	 2 	 1 	 2.763477e-19 	 -1.789729e-19
1 	 552 	 2 	 1 	 2.736012e-19 	 -1.763274e-19
1 	 553 	 2 	 1 	 2.708548e-19 	 -1.736818e-19
1 	 554 	 2 	 1 	 2.681083e-19 	 -1.710362e-19
1 	 555 	 2 	 1 	 2.653619e-19 	 -1.683906e-19
1 	 556 	 2 	 1 	 2.626154e-19 	 -1.657450e-19
1 	 557 	 2 	 1 	 2.598689e-19 	 -1.630995e-19
1 	 558 	 2 	 1 	 2.571225e-19 	 -1.604539e-19
1 	 559 	 2 	 1 	 2.543712e-19 	 -1.578187e-19
1 	 560 	 2 	 1 	 2.514032e-19 	 -1.556515e-19
1 	 561 	 2 	 1 	 2.484353e-19 	 -1.534842e-19
1 	 562 	 2 	 1 	 2.454674e-19 	 -1.513170e-19
1 	 563 	 2 	 1 	 2.424995e-19 	 -1.491498e-19
1 	 564 	 2 	 1 	 2.395315e-19 	 -1.469825e-19
1 	 565 	 2 	 1 	 2.365636e-19 	 -1.448153e-19
1 	 566 	 2 	 1 	 2.335957e-19 	 -1.426480e-19
1 	 567 	 2 	 1 	 2.306278e-19 	 -1.404808e-19
1 	 568 	 2 	 1 	 2.276598e-19 	 -1.383135e-19
1 	 569 	 2 	 1 	 2.247122e-19 	 -1.363506e-19
1 	 570 	 2 	 1 	 2.217750e-19 	 -1.344918e-19
1 	 571 	 2 	 1 	 2.188378e-19 	 -1.326330e-19
1 	 572 	 2 	 1 	 2.159006e-19 	 -1.307742e-19
1 	 573 	 2 	 1 	 2.129634e-19 	 -1.289154e-19
1 	 574 	 2 	 1 	 2.100262e-19 	 -1.270566e-19
1 	 575 	 2 	 1 	 2.070890e-19 	 -1.251979e-19
1 	 576 	 2 	 1 	 2.041518e-19 	 -1.233391e-19
1 	 577 	 2 	 1 	 2.012146e-19 	 -1.214803e-19
1 	 578 	 2 	 1 	 1.982549e-19 	 -1.196833e-19
1 	 579 	 2 	 1 	 1.949457e-19 	 -1.188458e-19
1 	 580 	 2 	 1 	 1.916365e-19 	 -1.180083e-19
1 	 581 	 2 	 1 	 1.883273e-19 	 -1.171708e-19
1 	 582 	 2 	 1 	 1.850181e-19 	 -1.163333e-19
1 	 583 	 2 	 1 	 1.817089e-19 	 -1.154958e-19
1 	 584 	 2 	 1 	 1.783997e-19 	 -1.146583e-19
1 	 585 	 2 	 1 	 1.750905e-19 	 -1.138208e-19
1 	 586 	 2 	 1 	 1.717812e-19 	 -1.129833e-19
1 	 587 	 2 	 1 	 1.684720e-19 	 -1.121458e-19
1 	 588 	 2 	 1 	 1.654092e-19 	 -1.115477e-19
1 	 589 	 2 	 1 	 1.632720e-19 	 -1.118490e-19
1 	 590 	 2 	 1 	 1.611348e-19 	 -1.121503e-19
1 	 591 	 2 	 1 	 1.589975e-19 	 -1.124516e-19
1 	 592 	 2 	 1 	 1.568603e-19 	 -1.127529e-19
1 	 593 	 2 	 1 	 1.547230e-19 	 -1.130542e-19
1 	 594 	 2 	 1 	 1.525858e-19 	 -1.133555e-19
1 	 595 	 2 	 1 	 1.504485e-19 	 -1.136567e-19
1 	 596 	 2 	 1 	 1.483113e-19 	 -1.139580e-19
1 	 597 	 2 	 1 	 1.461741e-19 	 -1.142593e-19
1 	 598 	 2 	 1 	 1.441377e-19 	 -1.145355e-19
1 	 599 	 2 	 1 	 1.429609e-19 	 -1.145976e-19
1 	 600 	 2 	 1 	 1.417842e-19 	 -1.146597e-19
1 	 601 	 2 	 1 	 1.406074e-19 	 -1.147218e-19
1 	 602 	 2 	 1 	 1.394306e-19 	 -1.147839e-19
1 	 603 	 2 	 1 	 1.382539e-19 	 -1.148460e-19
1 	 604 	 2 	 1 	 1.370771e-19 	 -1.149081e-19
1 	 605 	 2 	 1 	 1.359003e-19 	 -1.149702e-19
1 	 606 	 2 	 1 	 1.347236e-19 	 -1.150323e-19
1 	 607 	 2 	 1 	 1.335468e-19 	 -1.150944e-19
1 	 608 	 2 	 1 	 1.323701e-19 	 -1.151565e-19
1 	 609 	 2 	 1 	 1.316134e-19 	 -1.150169e-19
1 	 610 	 2 	 1 	 1.310058e-19 	 -1.148057e-19
1 	 611 	 2 	 1 	 1.303981e-19 	 -1.145945e-19
1 	 612 	 2 	 1 	 1.297905e-19 	 -1.143833e-19
1 	 613 	 2 	 1 	 1.291829e-19 	 -1.141721e-19
1 	 614 	 2 	 1 	 1.285752e-19 	 -1.139610e-19
1 	 615 	 2 	 1 	 1.279676e-19 	 -1.137498e-19
1 	 616 	 2 	 1 	 1.273599e-19 	 -1.135386e-19
1 	 617 	 2 	 1 	 1.267523e-19 	 -1.133274e-19
1 	 618 	 2 	 1 	 1.261447e-19 	 -1.131163e-19
1 	 619 	 2 	 1 	 1.255397e-19 	 -1.128291e-19
1 	 620 	 2 	 1 	 1.249586e-19 	 -1.118815e-19
1 	 621 	 2 	 1 	 1.243775e-19 	 -1.109339e-19
1 	 622 	 2 	 1 	 1.237964e-19 	 -1.099863e-19
1 	 623 	 2 	 1 	 1.232153e-19 	 -1.090386e-19
1 	 624 	 2 	 1 	 1.226342e-19 	 -1.080910e-19
1 	 625 	 2 	 1 	 1.220531e-19 	 -1.071434e-19
1 	 626 	 2 	 1 	 1.214720e-19 	 -1.061957e-19
1 	 627 	 2 	 1 	 1.208908e-19 	 -1.052481e-19
1 	 628 	 2 	 1 	 1.203097e-19 	 -1.043005e-19
1 	 629 	 2 	 1 	 1.197286e-19 	 -1.033528e-19
1 	 630 	 2 	 1 	 1.190159e-19 	 -1.024702e-19
1 	 631 	 2 	 1 	 1.177523e-19 	 -1.018598e-19
1 	 632 	 2 	 1 	 1.164887e-19 	 -1.012493e-19
1 	 633 	 2 	 1 	 1.152250e-19 	 -1.006389e-19
1 	 634 	 2 	 1 	 1.139614e-19 	 -1.000284e-19
1 	 635 	 2 	 1 	 1.126978e-19 	 -9.941800e-20
1 	 636 	 2 	 1 	 1.114341e-19 	 -9.880757e-20
1 	 637 	 2 	 1 	 1.101705e-19 	 -9.819714e-20
1 	 638 	 2 	 1 	 1.089069e-19 	 -9.758670e-20
1 	 639 	 2 	 1 	 1.076432e-19 	 -9.697626e-20
1 	 640 	 2 	 1 	 1.063796e-19 	 -9.636582e-20
1 	 641 	 2 	 1 	 1.051160e-19 	 -9.575539e-20
1 	 1 	 3 	 1 	 5.110043e-18 	 -3.566360e-18
1 	 2 	 3 	 1 	 5.192182e-18 	 -3.757272e-18
1 	 3 	 3 	 1 	 5.274321e-18 	 -3.948185e-18
1 	 4 	 3 	 1 	 5.356460e-18 	 -4.139097e-18
1 	 5 	 3 	 1 	 5.438599e-18 	 -4.330010e-18
1 	 6 	 3 	 1 	 5.520738e-18 	 -4.520923e-18
1 	 7 	 3 	 1 	 5.602878e-18 	 -4.711835e-18
1 	 8 	 3 	 1 	 5.685017e-18 	 -4.902747e-18
1 	 9 	 3 	 1 	 5.767156e-18 	 -5.093660e-18
1 	 10 	 3 	 1 	 5.849295e-18 	 -5.284572e-18
1 	 11 	 3 	 1 	 5.931434e-18 	 -5.475485e-18
1 	 12 	 3 	 1 	 6.013573e-18 	 -5.666398e-18
1 	 13 	 3 	 1 	 6.089769e-18 	 -5.915472e-18
1 	 14 	 3 	 1 	 6.164546e-18 	 -6.178434e-18
1 	 15 	 3 	 1 	 6.239322e-18 	 -6.441395e-18
1 	 16 	 3 	 1 	 6.314100e-18 	 -6.704357e-18
1 	 17 	 3 	 1 	 6.388876e-18 	 -6.967319e-18
1 	 18 	 3 	 1 	 6.463653e-18 	 -7.230281e-18
1 	 19 	 3 	 1 	 6.538430e-18 	 -7.493242e-18
1 	 20 	 3 	 1 	 6.613207e-18 	 -7.756204e-18
1 	 21 	 3 	 1 	 6.687984e-18 	 -8.019165e-18
1 	 22 	 3 	 1 	 6.762761e-18 	 -8.282128e-18
1 	 23 	 3 	 1 	 6.837537e-18 	 -8.545089e-18
1 	 24 	 3 	 1 	 6.894457e-18 	 -8.890265e-18
1 	 25 	 3 	 1 	 6.949324e-18 	 -9.244894e-18
1 	 26 	 3 	 1 	 7.004190e-18 	 -9.599524e-18
1 	 27 	 3 	 1 	 7.059057e-18 	 -9.954153e-18
1 	 28 	 3 	 1 	 7.113923e-18 	 -1.030878e-17
1 	 29 	 3 	 1 	 7.168790e-18 	 -1.066341e-17
1 	 30 	 3 	 1 	 7.223656e-18 	 -1.101804e-17
1 	 31 	 3 	 1 	 7.278522e-18 	 -1.137267e-17
1 	 32 	 3 	 1 	 7.333389e-18 	 -1.172730e-17
1 	 33 	 3 	 1 	 7.388255e-18 	 -1.208193e-17
1 	 34 	 3 	 1 	 7.432996e-18 	 -1.246677e-17
1 	 35 	 3 	 1 	 7.449183e-18 	 -1.293683e-17
1 	 36 	 3 	 1 	 7.465370e-18 	 -1.340688e-17
1 	 37 	 3 	 1 	 7.481557e-18 	 -1.387694e-17
1 	 38 	 3 	 1 	 7.497744e-18 	 -1.434699e-17
1 	 39 	 3 	 1 	 7.513931e-18 	 -1.481705e-17
1 	 40 	 3 	 1 	 7.530118e-18 	 -1.528710e-17
1 	 41 	 3 	 1 	 7.546305e-18 	 -1.575716e-17
1 	 42 	 3 	 1 	 7.562492e-18 	 -1.622721e-17
1 	 43 	 3 	 1 	 7.578679e-18 	 -1.669726e-17
1 	 44 	 3 	 1 	 7.594866e-18 	 -1.716732e-17
1 	 45 	 3 	 1 	 7.552258e-18 	 -1.776519e-17
1 	 46 	 3 	 1 	 7.502751e-18 	 -1.837806e-17
1 	 47 	 3 	 1 	 7.453244e-18 	 -1.899093e-17
1 	 48 	 3 	 1 	 7.403736e-18 	 -1.960380e-17
1 	 49 	 3 	 1 	 7.354229e-18 	 -2.021668e-17
1 	 50 	 3 	 1 	 7.304721e-18 	 -2.082955e-17
1 	 51 	 3 	 1 	 7.255214e-18 	 -2.144242e-17
1 	 52 	 3 	 1 	 7.205707e-18 	 -2.205529e-17
1 	 53 	 3 	 1 	 7.156199e-18 	 -2.266816e-17
1 	 54 	 3 	 1 	 7.106692e-18 	 -2.328103e-17
1 	 55 	 3 	 1 	 6.975357e-18 	 -2.403141e-17
1 	 56 	 3 	 1 	 6.822237e-18 	 -2.481839e-17
1 	 57 	 3 	 1 	 6.669117e-18 	 -2.560537e-17
1 	 58 	 3 	 1 	 6.515997e-18 	 -2.639235e-17
1 	 59 	 3 	 1 	 6.362878e-18 	 -2.717933e-17
1 	 60 	 3 	 1 	 6.209758e-18 	 -2.796631e-17
1 	 61 	 3 	 1 	 6.056638e-18 	 -2.875329e-17
1 	 62 	 3 	 1 	 5.903518e-18 	 -2.954027e-17
1 	 63 	 3 	 1 	 5.750399e-18 	 -3.032725e-17
1 	 64 	 3 	 1 	 5.597279e-18 	 -3.111423e-17
1 	 65 	 3 	 1 	 5.297355e-18 	 -3.209738e-17
1 	 66 	 3 	 1 	 4.987973e-18 	 -3.309318e-17
1 	 67 	 3 	 1 	 4.678590e-18 	 -3.408897e-17
1 	 68 	 3 	 1 	 4.369208e-18 	 -3.508476e-17
1 	 69 	 3 	 1 	 4.059826e-18 	 -3.608055e-17
1 	 70 	 3 	 1 	 3.750443e-18 	 -3.707634e-17
1 	 71 	 3 	 1 	 3.441061e-18 	 -3.807214e-17
1 	 72 	 3 	 1 	 3.131678e-18 	 -3.906793e-17
1 	 73 	 3 	 1 	 2.822296e-18 	 -4.006372e-17
1 	 74 	 3 	 1 	 2.435661e-18 	 -4.114230e-17
1 	 75 	 3 	 1 	 1.897521e-18 	 -4.238324e-17
1 	 76 	 3 	 1 	 1.359381e-18 	 -4.362419e-17
1 	 77 	 3 	 1 	 8.212414e-19 	 -4.486513e-17
1 	 78 	 3 	 1 	 2.831014e-19 	 -4.610607e-17
1 	 79 	 3 	 1 	 -2.550385e-19 	 -4.734702e-17
1 	 80 	 3 	 1 	 -7.931785e-19 	 -4.858796e-17
1 	 81 	 3 	 1 	 -1.331318e-18 	 -4.982890e-17
1 	 82 	 3 	 1 	 -1.869458e-18 	 -5.106985e-17
1 	 83 	 3 	 1 	 -2.407598e-18 	 -5.231079e-17
1 	 84 	 3 	 1 	 -3.265869e-18 	 -5.382434e-17
1 	 85 	 3 	 1 	 -4.131278e-18 	 -5.534396e-17
1 	 86 	 3 	 1 	 -4.996687e-18 	 -5.686359e-17
1 	 87 	 3 	 1 	 -5.862097e-18 	 -5.838321e-17
1 	 88 	 3 	 1 	 -6.727506e-18 	 -5.990284e-17
1 	 89 	 3 	 1 	 -7.592916e-18 	 -6.142246e-17
1 	 90 	 3 	 1 	 -8.458325e-18 	 -6.294209e-17
1 	 91 	 3 	 1 	 -9.323734e-18 	 -6.446172e-17
1 	 92 	 3 	 1 	 -1.018914e-17 	 -6.598134e-17
1 	 93 	 3 	 1 	 -1.144567e-17 	 -6.775791e-17
1 	 94 	 3 	 1 	 -1.276863e-17 	 -6.957812e-17
1 	 95 	 3 	 1 	 -1.409159e-17 	 -7.139833e-17
1 	 96 	 3 	 1 	 -1.541454e-17 	 -7.321855e-17
1 	 97 	 3 	 1 	 -1.673750e-17 	 -7.503876e-17
1 	 98 	 3 	 1 	 -1.806046e-17 	 -7.685897e-17
1 	 99 	 3 	 1 	 -1.938342e-17 	 -7.867918e-17
1 	 100 	 3 	 1 	 -2.070637e-17 	 -8.049940e-17
1 	 101 	 3 	 1 	 -2.202933e-17 	 -8.231961e-17
1 	 102 	 3 	 1 	 -2.394896e-17 	 -8.442258e-17
1 	 103 	 3 	 1 	 -2.589239e-17 	 -8.653684e-17
1 	 104 	 3 	 1 	 -2.783583e-17 	 -8.865110e-17
1 	 105 	 3 	 1 	 -2.977927e-17 	 -9.076536e-17
1 	 106 	 3 	 1 	 -3.172270e-17 	 -9.287962e-17
1 	 107 	 3 	 1 	 -3.366614e-17 	 -9.499388e-17
1 	 108 	 3 	 1 	 -3.560958e-17 	 -9.710813e-17
1 	 109 	 3 	 1 	 -3.755301e-17 	 -9.922239e-17
1 	 110 	 3 	 1 	 -3.973152e-17 	 -1.014062e-16
1 	 111 	 3 	 1 	 -4.247781e-17 	 -1.037581e-16
1 	 112 	 3 	 1 	 -4.522410e-17 	 -1.061100e-16
1 	 113 	 3 	 1 	 -4.797040e-17 	 -1.084619e-16
1 	 114 	 3 	 1 	 -5.071669e-17 	 -1.108138e-16
1 	 115 	 3 	 1 	 -5.346298e-17 	 -1.131657e-16
1 	 116 	 3 	 1 	 -5.620927e-17 	 -1.155177e-16
1 	 117 	 3 	 1 	 -5.895556e-17 	 -1.178696e-16
1 	 118 	 3 	 1 	 -6.170186e-17 	 -1.202215e-16
1 	 119 	 3 	 1 	 -6.525922e-17 	 -1.226700e-16
1 	 120 	 3 	 1 	 -6.896800e-17 	 -1.251366e-16
1 	 121 	 3 	 1 	 -7.267677e-17 	 -1.276032e-16
1 	 122 	 3 	 1 	 -7.638554e-17 	 -1.300698e-16
1 	 123 	 3 	 1 	 -8.009432e-17 	 -1.325364e-16
1 	 124 	 3 	 1 	 -8.380309e-17 	 -1.350030e-16
1 	 125 	 3 	 1 	 -8.751186e-17 	 -1.374696e-16
1 	 126 	 3 	 1 	 -9.122064e-17 	 -1.399362e-16
1 	 127 	 3 	 1 	 -9.554653e-17 	 -1.423693e-16
1 	 128 	 3 	 1 	 -1.002741e-16 	 -1.447805e-16
1 	 129 	 3 	 1 	 -1.050016e-16 	 -1.471918e-16
1 	 130 	 3 	 1 	 -1.097291e-16 	 -1.496030e-16
1 	 131 	 3 	 1 	 -1.144566e-16 	 -1.520142e-16
1 	 132 	 3 	 1 	 -1.191841e-16 	 -1.544254e-16
1 	 133 	 3 	 1 	 -1.239116e-16 	 -1.568367e-16
1 	 134 	 3 	 1 	 -1.286392e-16 	 -1.592479e-16
1 	 135 	 3 	 1 	 -1.338632e-16 	 -1.615665e-16
1 	 136 	 3 	 1 	 -1.394518e-16 	 -1.638171e-16
1 	 137 	 3 	 1 	 -1.450405e-16 	 -1.660676e-16
1 	 138 	 3 	 1 	 -1.506291e-16 	 -1.683182e-16
1 	 139 	 3 	 1 	 -1.562177e-16 	 -1.705688e-16
1 	 140 	 3 	 1 	 -1.618063e-16 	 -1.728194e-16
1 	 141 	 3 	 1 	 -1.673949e-16 	 -1.750699e-16
1 	 142 	 3 	 1 	 -1.729835e-16 	 -1.773205e-16
1 	 143 	 3 	 1 	 -1.788842e-16 	 -1.796333e-16
1 	 144 	 3 	 1 	 -1.848889e-16 	 -1.819668e-16
1 	 145 	 3 	 1 	 -1.908935e-16 	 -1.843002e-16
1 	 146 	 3 	 1 	 -1.968982e-16 	 -1.866337e-16
1 	 147 	 3 	 1 	 -2.029029e-16 	 -1.889672e-16
1 	 148 	 3 	 1 	 -2.089075e-16 	 -1.913007e-16
1 	 149 	 3 	 1 	 -2.149122e-16 	 -1.936342e-16
1 	 150 	 3 	 1 	 -2.208935e-16 	 -1.961126e-16
1 	 151 	 3 	 1 	 -2.267052e-16 	 -1.996429e-16
1 	 152 	 3 	 1 	 -2.325169e-16 	 -2.031732e-16
1 	 153 	 3 	 1 	 -2.383287e-16 	 -2.067035e-16
1 	 154 	 3 	 1 	 -2.441404e-16 	 -2.102338e-16
1 	 155 	 3 	 1 	 -2.499521e-16 	 -2.137642e-16
1 	 156 	 3 	 1 	 -2.557638e-16 	 -2.172945e-16
1 	 157 	 3 	 1 	 -2.615755e-16 	 -2.208248e-16
1 	 158 	 3 	 1 	 -2.671511e-16 	 -2.270321e-16
1 	 159 	 3 	 1 	 -2.726178e-16 	 -2.344735e-16
1 	 160 	 3 	 1 	 -2.780846e-16 	 -2.419150e-16
1 	 161 	 3 	 1 	 -2.835513e-16 	 -2.493564e-16
1 	 162 	 3 	 1 	 -2.890181e-16 	 -2.567978e-16
1 	 163 	 3 	 1 	 -2.944848e-16 	 -2.642392e-16
1 	 164 	 3 	 1 	 -2.999516e-16 	 -2.716806e-16
1 	 165 	 3 	 1 	 -3.060717e-16 	 -2.829949e-16
1 	 166 	 3 	 1 	 -3.130387e-16 	 -2.993292e-16
1 	 167 	 3 	 1 	 -3.200058e-16 	 -3.156635e-16
1 	 168 	 3 	 1 	 -3.269728e-16 	 -3.319978e-16
1 	 169 	 3 	 1 	 -3.339399e-16 	 -3.483321e-16
1 	 170 	 3 	 1 	 -3.409069e-16 	 -3.646663e-16
1 	 171 	 3 	 1 	 -3.478739e-16 	 -3.810007e-16
1 	 172 	 3 	 1 	 -3.578790e-16 	 -4.032586e-16
1 	 173 	 3 	 1 	 -3.730698e-16 	 -4.356279e-16
1 	 174 	 3 	 1 	 -3.882606e-16 	 -4.679971e-16
1 	 175 	 3 	 1 	 -4.034514e-16 	 -5.003663e-16
1 	 176 	 3 	 1 	 -4.186422e-16 	 -5.327356e-16
1 	 177 	 3 	 1 	 -4.338329e-16 	 -5.651049e-16
1 	 178 	 3 	 1 	 -4.490237e-16 	 -5.974741e-16
1 	 179 	 3 	 1 	 -4.758496e-16 	 -6.409776e-16
1 	 180 	 3 	 1 	 -5.151992e-16 	 -6.964657e-16
1 	 181 	 3 	 1 	 -5.545488e-16 	 -7.519539e-16
1 	 182 	 3 	 1 	 -5.938984e-16 	 -8.074420e-16
1 	 183 	 3 	 1 	 -6.332480e-16 	 -8.629302e-16
1 	 184 	 3 	 1 	 -6.725976e-16 	 -9.184183e-16
1 	 185 	 3 	 1 	 -7.119471e-16 	 -9.739064e-16
1 	 186 	 3 	 1 	 -7.930101e-16 	 -1.047665e-15
1 	 187 	 3 	 1 	 -8.867038e-16 	 -1.126955e-15
1 	 188 	 3 	 1 	 -9.803974e-16 	 -1.206245e-15
1 	 189 	 3 	 1 	 -1.074091e-15 	 -1.285536e-15
1 	 190 	 3 	 1 	 -1.167785e-15 	 -1.364826e-15
1 	 191 	 3 	 1 	 -1.261479e-15 	 -1.444116e-15
1 	 192 	 3 	 1 	 -1.377942e-15 	 -1.524569e-15
1 	 193 	 3 	 1 	 -1.573767e-15 	 -1.609074e-15
1 	 194 	 3 	 1 	 -1.769592e-15 	 -1.693579e-15
1 	 195 	 3 	 1 	 -1.965417e-15 	 -1.778083e-15
1 	 196 	 3 	 1 	 -2.161242e-15 	 -1.862588e-15
1 	 197 	 3 	 1 	 -2.357067e-15 	 -1.947092e-15
1 	 198 	 3 	 1 	 -2.552892e-15 	 -2.031597e-15
1 	 199 	 3 	 1 	 -2.887251e-15 	 -2.070573e-15
1 	 200 	 3 	 1 	 -3.247326e-15 	 -2.101098e-15
1 	 201 	 3 	 1 	 -3.607402e-15 	 -2.131622e-15
1 	 202 	 3 	 1 	 -3.967478e-15 	 -2.162147e-15
1 	 203 	 3 	 1 	 -4.327554e-15 	 -2.192671e-15
1 	 204 	 3 	 1 	 -4.687630e-15 	 -2.223196e-15
1 	 205 	 3 	 1 	 -5.186807e-15 	 -2.139141e-15
1 	 206 	 3 	 1 	 -5.769492e-15 	 -1.986301e-15
1 	 207 	 3 	 1 	 -6.352178e-15 	 -1.833461e-15
1 	 208 	 3 	 1 	 -6.934864e-15 	 -1.680621e-15
1 	 209 	 3 	 1 	 -7.517550e-15 	 -1.527781e-15
1 	 210 	 3 	 1 	 -8.100235e-15 	 -1.374941e-15
1 	 211 	 3 	 1 	 -8.813989e-15 	 -9.879681e-16
1 	 212 	 3 	 1 	 -9.629398e-15 	 -4.194062e-16
1 	 213 	 3 	 1 	 -1.044481e-14 	 1.491557e-16
1 	 214 	 3 	 1 	 -1.126022e-14 	 7.177175e-16
1 	 215 	 3 	 1 	 -1.207563e-14 	 1.286279e-15
1 	 216 	 3 	 1 	 -1.289104e-14 	 1.854841e-15
1 	 217 	 3 	 1 	 -1.377843e-14 	 2.929550e-15
1 	 218 	 3 	 1 	 -1.470383e-14 	 4.271500e-15
1 	 219 	 3 	 1 	 -1.562923e-14 	 5.613450e-15
1 	 220 	 3 	 1 	 -1.655463e-14 	 6.955400e-15
1 	 221 	 3 	 1 	 -1.748003e-14 	 8.297350e-15
1 	 222 	 3 	 1 	 -1.840542e-14 	 9.639301e-15
1 	 223 	 3 	 1 	 -1.907785e-14 	 1.209197e-14
1 	 224 	 3 	 1 	 -1.972053e-14 	 1.467523e-14
1 	 225 	 3 	 1 	 -2.036321e-14 	 1.725849e-14
1 	 226 	 3 	 1 	 -2.100589e-14 	 1.984175e-14
1 	 227 	 3 	 1 	 -2.164856e-14 	 2.242501e-14
1 	 228 	 3 	 1 	 -2.197181e-14 	 2.549107e-14
1 	 229 	 3 	 1 	 -2.147547e-14 	 2.979591e-14
1 	 230 	 3 	 1 	 -2.097912e-14 	 3.410074e-14
1 	 231 	 3 	 1 	 -2.048278e-14 	 3.840557e-14
1 	 232 	 3 	 1 	 -1.998644e-14 	 4.271041e-14
1 	 233 	 3 	 1 	 -1.949010e-14 	 4.701524e-14
1 	 234 	 3 	 1 	 -1.681961e-14 	 5.290729e-14
1 	 235 	 3 	 1 	 -1.363166e-14 	 5.917711e-14
1 	 236 	 3 	 1 	 -1.044371e-14 	 6.544693e-14
1 	 237 	 3 	 1 	 -7.255755e-15 	 7.171675e-14
1 	 238 	 3 	 1 	 -4.067805e-15 	 7.798657e-14
1 	 239 	 3 	 1 	 1.557699e-15 	 8.495618e-14
1 	 240 	 3 	 1 	 9.897677e-15 	 9.270510e-14
1 	 241 	 3 	 1 	 1.823765e-14 	 1.004540e-13
1 	 242 	 3 	 1 	 2.657763e-14 	 1.082029e-13
1 	 243 	 3 	 1 	 3.491761e-14 	 1.159518e-13
1 	 244 	 3 	 1 	 4.559922e-14 	 1.235430e-13
1 	 245 	 3 	 1 	 6.251390e-14 	 1.307144e-13
1 	 246 	 3 	 1 	 7.942858e-14 	 1.378858e-13
1 	 247 	 3 	 1 	 9.634326e-14 	 1.450571e-13
1 	 248 	 3 	 1 	 1.132579e-13 	 1.522285e-13
1 	 249 	 3 	 1 	 1.327463e-13 	 1.582800e-13
1 	 250 	 3 	 1 	 1.622619e-13 	 1.599686e-13
1 	 251 	 3 	 1 	 1.917775e-13 	 1.616573e-13
1 	 252 	 3 	 1 	 2.212931e-13 	 1.633459e-13
1 	 253 	 3 	 1 	 2.508087e-13 	 1.650345e-13
1 	 254 	 3 	 1 	 2.845461e-13 	 1.627874e-13
1 	 255 	 3 	 1 	 3.300960e-13 	 1.495282e-13
1 	 256 	 3 	 1 	 3.756459e-13 	 1.362689e-13
1 	 257 	 3 	 1 	 4.211957e-13 	 1.230097e-13
1 	 258 	 3 	 1 	 4.667456e-13 	 1.097505e-13
1 	 259 	 3 	 1 	 5.195443e-13 	 8.268183e-14
1 	 260 	 3 	 1 	 5.813107e-13 	 3.852885e-14
1 	 261 	 3 	 1 	 6.430770e-13 	 -5.624129e-15
1 	 262 	 3 	 1 	 7.048434e-13 	 -4.977711e-14
1 	 263 	 3 	 1 	 7.666098e-13 	 -9.393009e-14
1 	 264 	 3 	 1 	 8.345680e-13 	 -1.793051e-13
1 	 265 	 3 	 1 	 9.045658e-13 	 -2.782590e-13
1 	 266 	 3 	 1 	 9.745635e-13 	 -3.772128e-13
1 	 267 	 3 	 1 	 1.044561e-12 	 -4.761667e-13
1 	 268 	 3 	 1 	 1.111760e-12 	 -5.903114e-13
1 	 269 	 3 	 1 	 1.165844e-12 	 -7.756345e-13
1 	 270 	 3 	 1 	 1.219927e-12 	 -9.609577e-13
1 	 271 	 3 	 1 	 1.274011e-12 	 -1.146281e-12
1 	 272 	 3 	 1 	 1.328094e-12 	 -1.331604e-12
1 	 273 	 3 	 1 	 1.333701e-12 	 -1.603595e-12
1 	 274 	 3 	 1 	 1.319984e-12 	 -1.910130e-12
1 	 275 	 3 	 1 	 1.306268e-12 	 -2.216665e-12
1 	 276 	 3 	 1 	 1.292552e-12 	 -2.523201e-12
1 	 277 	 3 	 1 	 1.219348e-12 	 -2.883789e-12
1 	 278 	 3 	 1 	 1.043396e-12 	 -3.337735e-12
1 	 279 	 3 	 1 	 8.674439e-13 	 -3.791682e-12
1 	 280 	 3 	 1 	 6.914921e-13 	 -4.245629e-12
1 	 281 	 3 	 1 	 4.751562e-13 	 -4.717635e-12
1 	 282 	 3 	 1 	 -1.615191e-14 	 -5.312605e-12
1 	 283 	 3 	 1 	 -5.074600e-13 	 -5.907577e-12
1 	 284 	 3 	 1 	 -9.987681e-13 	 -6.502547e-12
1 	 285 	 3 	 1 	 -1.490076e-12 	 -7.097518e-12
1 	 286 	 3 	 1 	 -2.520097e-12 	 -7.753339e-12
1 	 287 	 3 	 1 	 -3.552077e-12 	 -8.409382e-12
1 	 288 	 3 	 1 	 -4.584057e-12 	 -9.065424e-12
1 	 289 	 3 	 1 	 -5.616037e-12 	 -9.721467e-12
1 	 290 	 3 	 1 	 -7.465745e-12 	 -1.022744e-11
1 	 291 	 3 	 1 	 -9.341672e-12 	 -1.072861e-11
1 	 292 	 3 	 1 	 -1.121760e-11 	 -1.122978e-11
1 	 293 	 3 	 1 	 -1.314625e-11 	 -1.170540e-11
1 	 294 	 3 	 1 	 -1.624540e-11 	 -1.161387e-11
1 	 295 	 3 	 1 	 -1.934455e-11 	 -1.152234e-11
1 	 296 	 3 	 1 	 -2.244370e-11 	 -1.143081e-11
1 	 297 	 3 	 1 	 -2.591179e-11 	 -1.104558e-11
1 	 298 	 3 	 1 	 -3.071646e-11 	 -9.596319e-12
1 	 299 	 3 	 1 	 -3.552113e-11 	 -8.147059e-12
1 	 300 	 3 	 1 	 -4.032581e-11 	 -6.697802e-12
1 	 301 	 3 	 1 	 -4.639665e-11 	 -4.009006e-12
1 	 302 	 3 	 1 	 -5.380615e-11 	 -9.700191e-15
1 	 303 	 3 	 1 	 -6.121564e-11 	 3.989606e-12
1 	 304 	 3 	 1 	 -6.862515e-11 	 7.988912e-12
1 	 305 	 3 	 1 	 -8.152407e-11 	 1.548338e-11
1 	 306 	 3 	 1 	 -9.539201e-11 	 2.359482e-11
1 	 307 	 3 	 1 	 -1.092600e-10 	 3.170627e-11
1 	 308 	 3 	 1 	 -1.345072e-10 	 4.124179e-11
1 	 309 	 3 	 1 	 -1.856137e-10 	 5.401348e-11
1 	 310 	 3 	 1 	 -2.367202e-10 	 6.678517e-11
1 	 311 	 3 	 1 	 -2.878267e-10 	 7.955685e-11
1 	 312 	 3 	 1 	 -6.672926e-10 	 8.582696e-11
1 	 313 	 3 	 1 	 -1.104424e-09 	 9.095526e-11
1 	 314 	 3 	 1 	 -1.541556e-09 	 9.608358e-11
1 	 315 	 3 	 1 	 -4.525906e-09 	 5.218543e-11
1 	 316 	 3 	 1 	 -1.023870e-08 	 -4.422716e-11
1 	 317 	 3 	 1 	 -1.595149e-08 	 -1.406397e-10
1 	 318 	 3 	 1 	 -1.923911e-08 	 -2.041592e-10
1 	 319 	 3 	 1 	 -1.282608e-08 	 -1.361061e-10
1 	 320 	 3 	 1 	 -6.413038e-09 	 -6.805307e-11
1 	 321 	 3 	 1 	 1.579519e-18 	 -8.474478e-20
1 	 322 	 3 	 1 	 6.413038e-09 	 6.805307e-11
1 	 323 	 3 	 1 	 1.282608e-08 	 1.361061e-10
1 	 324 	 3 	 1 	 1.923911e-08 	 2.041592e-10
1 	 325 	 3 	 1 	 1.595149e-08 	 1.406397e-10
1 	 326 	 3 	 1 	 1.023870e-08 	 4.422716e-11
1 	 327 	 3 	 1 	 4.525906e-09 	 -5.218543e-11
1 	 328 	 3 	 1 	 1.541556e-09 	 -9.608358e-11
1 	 329 	 3 	 1 	 1.104424e-09 	 -9.095526e-11
1 	 330 	 3 	 1 	 6.672926e-10 	 -8.582696e-11
1 	 331 	 3 	 1 	 2.878267e-10 	 -7.955685e-11
1 	 332 	 3 	 1 	 2.367202e-10 	 -6.678517e-11
1 	 333 	 3 	 1 	 1.856137e-10 	 -5.401348e-11
1 	 334 	 3 	 1 	 1.345072e-10 	 -4.124179e-11
1 	 335 	 3 	 1 	 1.092600e-10 	 -3.170627e-11
1 	 336 	 3 	 1 	 9.539201e-11 	 -2.359482e-11
1 	 337 	 3 	 1 	 8.152407e-11 	 -1.548338e-11
1 	 338 	 3 	 1 	 6.862515e-11 	 -7.988912e-12
1 	 339 	 3 	 1 	 6.121564e-11 	 -3.989606e-12
1 	 340 	 3 	 1 	 5.380615e-11 	 9.699948e-15
1 	 341 	 3 	 1 	 4.639665e-11 	 4.009006e-12
1 	 342 	 3 	 1 	 4.032581e-11 	 6.697801e-12
1 	 343 	 3 	 1 	 3.552113e-11 	 8.147059e-12
1 	 344 	 3 	 1 	 3.071646e-11 	 9.596318e-12
1 	 345 	 3 	 1 	 2.591179e-11 	 1.104558e-11
1 	 346 	 3 	 1 	 2.244370e-11 	 1.143081e-11
1 	 347 	 3 	 1 	 1.934455e-11 	 1.152234e-11
1 	 348 	 3 	 1 	 1.624540e-11 	 1.161387e-11
1 	 349 	 3 	 1 	 1.314625e-11 	 1.170540e-11
1 	 350 	 3 	 1 	 1.121760e-11 	 1.122978e-11
1 	 351 	 3 	 1 	 9.341671e-12 	 1.072861e-11
1 	 352 	 3 	 1 	 7.465743e-12 	 1.022744e-11
1 	 353 	 3 	 1 	 5.616035e-12 	 9.721467e-12
1 	 354 	 3 	 1 	 4.584055e-12 	 9.065425e-12
1 	 355 	 3 	 1 	 3.552075e-12 	 8.409382e-12
1 	 356 	 3 	 1 	 2.520095e-12 	 7.753340e-12
1 	 357 	 3 	 1 	 1.490075e-12 	 7.097518e-12
1 	 358 	 3 	 1 	 9.987668e-13 	 6.502548e-12
1 	 359 	 3 	 1 	 5.074588e-13 	 5.907577e-12
1 	 360 	 3 	 1 	 1.615079e-14 	 5.312606e-12
1 	 361 	 3 	 1 	 -4.751572e-13 	 4.717635e-12
1 	 362 	 3 	 1 	 -6.914930e-13 	 4.245629e-12
1 	 363 	 3 	 1 	 -8.674447e-13 	 3.791682e-12
1 	 364 	 3 	 1 	 -1.043396e-12 	 3.337735e-12
1 	 365 	 3 	 1 	 -1.219348e-12 	 2.883789e-12
1 	 366 	 3 	 1 	 -1.292553e-12 	 2.523201e-12
1 	 367 	 3 	 1 	 -1.306269e-12 	 2.216665e-12
1 	 368 	 3 	 1 	 -1.319985e-12 	 1.910130e-12
1 	 369 	 3 	 1 	 -1.333701e-12 	 1.603595e-12
1 	 370 	 3 	 1 	 -1.328094e-12 	 1.331604e-12
1 	 371 	 3 	 1 	 -1.274011e-12 	 1.146281e-12
1 	 372 	 3 	 1 	 -1.219927e-12 	 9.609578e-13
1 	 373 	 3 	 1 	 -1.165844e-12 	 7.756347e-13
1 	 374 	 3 	 1 	 -1.111760e-12 	 5.903115e-13
1 	 375 	 3 	 1 	 -1.044561e-12 	 4.761668e-13
1 	 376 	 3 	 1 	 -9.745635e-13 	 3.772130e-13
1 	 377 	 3 	 1 	 -9.045657e-13 	 2.782592e-13
1 	 378 	 3 	 1 	 -8.345679e-13 	 1.793053e-13
1 	 379 	 3 	 1 	 -7.666097e-13 	 9.393032e-14
1 	 380 	 3 	 1 	 -7.048434e-13 	 4.977734e-14
1 	 381 	 3 	 1 	 -6.430770e-13 	 5.624361e-15
1 	 382 	 3 	 1 	 -5.813106e-13 	 -3.852862e-14
1 	 383 	 3 	 1 	 -5.195442e-13 	 -8.268160e-14
1 	 384 	 3 	 1 	 -4.667456e-13 	 -1.097502e-13
1 	 385 	 3 	 1 	 -4.211957e-13 	 -1.230095e-13
1 	 386 	 3 	 1 	 -3.756458e-13 	 -1.362687e-13
1 	 387 	 3 	 1 	 -3.300960e-13 	 -1.495280e-13
1 	 388 	 3 	 1 	 -2.845461e-13 	 -1.627872e-13
1 	 389 	 3 	 1 	 -2.508087e-13 	 -1.650343e-13
1 	 390 	 3 	 1 	 -2.212932e-13 	 -1.633457e-13
1 	 391 	 3 	 1 	 -1.917776e-13 	 -1.616571e-13
1 	 392 	 3 	 1 	 -1.622620e-13 	 -1.599685e-13
1 	 393 	 3 	 1 	 -1.327464e-13 	 -1.582798e-13
1 	 394 	 3 	 1 	 -1.132580e-13 	 -1.522283e-13
1 	 395 	 3 	 1 	 -9.634333e-14 	 -1.450570e-13
1 	 396 	 3 	 1 	 -7.942865e-14 	 -1.378856e-13
1 	 397 	 3 	 1 	 -6.251398e-14 	 -1.307143e-13
1 	 398 	 3 	 1 	 -4.559930e-14 	 -1.235429e-13
1 	 399 	 3 	 1 	 -3.491769e-14 	 -1.159517e-13
1 	 400 	 3 	 1 	 -2.657771e-14 	 -1.082028e-13
1 	 401 	 3 	 1 	 -1.823773e-14 	 -1.004539e-13
1 	 402 	 3 	 1 	 -9.897752e-15 	 -9.270503e-14
1 	 403 	 3 	 1 	 -1.557772e-15 	 -8.495612e-14
1 	 404 	 3 	 1 	 4.067734e-15 	 -7.798651e-14
1 	 405 	 3 	 1 	 7.255688e-15 	 -7.171669e-14
1 	 406 	 3 	 1 	 1.044364e-14 	 -6.544687e-14
1 	 407 	 3 	 1 	 1.363160e-14 	 -5.917706e-14
1 	 408 	 3 	 1 	 1.681955e-14 	 -5.290725e-14
1 	 409 	 3 	 1 	 1.949004e-14 	 -4.701520e-14
1 	 410 	 3 	 1 	 1.998639e-14 	 -4.271037e-14
1 	 411 	 3 	 1 	 2.048273e-14 	 -3.840554e-14
1 	 412 	 3 	 1 	 2.097908e-14 	 -3.410071e-14
1 	 413 	 3 	 1 	 2.147542e-14 	 -2.979588e-14
1 	 414 	 3 	 1 	 2.197177e-14 	 -2.549105e-14
1 	 415 	 3 	 1 	 2.164852e-14 	 -2.242499e-14
1 	 416 	 3 	 1 	 2.100585e-14 	 -1.984173e-14
1 	 417 	 3 	 1 	 2.036317e-14 	 -1.725847e-14
1 	 418 	 3 	 1 	 1.972050e-14 	 -1.467522e-14
1 	 419 	 3 	 1 	 1.907782e-14 	 -1.209196e-14
1 	 420 	 3 	 1 	 1.840540e-14 	 -9.639292e-15
1 	 421 	 3 	 1 	 1.748000e-14 	 -8.297343e-15
1 	 422 	 3 	 1 	 1.655461e-14 	 -6.955394e-15
1 	 423 	 3 	 1 	 1.562921e-14 	 -5.613445e-15
1 	 424 	 3 	 1 	 1.470381e-14 	 -4.271497e-15
1 	 425 	 3 	 1 	 1.377842e-14 	 -2.929548e-15
1 	 426 	 3 	 1 	 1.289103e-14 	 -1.854841e-15
1 	 427 	 3 	 1 	 1.207562e-14 	 -1.286280e-15
1 	 428 	 3 	 1 	 1.126021e-14 	 -7.177190e-16
1 	 429 	 3 	 1 	 1.044480e-14 	 -1.491583e-16
1 	 430 	 3 	 1 	 9.629397e-15 	 4.194025e-16
1 	 431 	 3 	 1 	 8.813989e-15 	 9.879632e-16
1 	 432 	 3 	 1 	 8.100236e-15 	 1.374935e-15
1 	 433 	 3 	 1 	 7.517551e-15 	 1.527774e-15
1 	 434 	 3 	 1 	 6.934867e-15 	 1.680613e-15
1 	 435 	 3 	 1 	 6.352182e-15 	 1.833452e-15
1 	 436 	 3 	 1 	 5.769497e-15 	 1.986292e-15
1 	 437 	 3 	 1 	 5.186811e-15 	 2.139131e-15
1 	 438 	 3 	 1 	 4.687635e-15 	 2.223184e-15
1 	 439 	 3 	 1 	 4.327560e-15 	 2.192659e-15
1 	 440 	 3 	 1 	 3.967484e-15 	 2.162135e-15
1 	 441 	 3 	 1 	 3.607409e-15 	 2.131610e-15
1 	 442 	 3 	 1 	 3.247333e-15 	 2.101085e-15
1 	 443 	 3 	 1 	 2.887258e-15 	 2.070560e-15
1 	 444 	 3 	 1 	 2.552899e-15 	 2.031584e-15
1 	 445 	 3 	 1 	 2.357075e-15 	 1.947080e-15
1 	 446 	 3 	 1 	 2.161250e-15 	 1.862576e-15
1 	 447 	 3 	 1 	 1.965426e-15 	 1.778072e-15
1 	 448 	 3 	 1 	 1.769601e-15 	 1.693568e-15
1 	 449 	 3 	 1 	 1.573777e-15 	 1.609064e-15
1 	 450 	 3 	 1 	 1.377952e-15 	 1.524560e-15
1 	 451 	 3 	 1 	 1.261489e-15 	 1.444108e-15
1 	 452 	 3 	 1 	 1.167795e-15 	 1.364819e-15
1 	 453 	 3 	 1 	 1.074102e-15 	 1.285530e-15
1 	 454 	 3 	 1 	 9.804078e-16 	 1.206241e-15
1 	 455 	 3 	 1 	 8.867142e-16 	 1.126951e-15
1 	 456 	 3 	 1 	 7.930206e-16 	 1.047662e-15
1 	 457 	 3 	 1 	 7.119576e-16 	 9.739047e-16
1 	 458 	 3 	 1 	 6.726078e-16 	 9.184174e-16
1 	 459 	 3 	 1 	 6.332580e-16 	 8.629302e-16
1 	 460 	 3 	 1 	 5.939082e-16 	 8.074429e-16
1 	 461 	 3 	 1 	 5.545583e-16 	 7.519557e-16
1 	 462 	 3 	 1 	 5.152085e-16 	 6.964684e-16
1 	 463 	 3 	 1 	 4.758588e-16 	 6.409811e-16
1 	 464 	 3 	 1 	 4.490326e-16 	 5.974782e-16
1 	 465 	 3 	 1 	 4.338415e-16 	 5.651094e-16
1 	 466 	 3 	 1 	 4.186505e-16 	 5.327405e-16
1 	 467 	 3 	 1 	 4.034594e-16 	 5.003716e-16
1 	 468 	 3 	 1 	 3.882683e-16 	 4.680027e-16
1 	 469 	 3 	 1 	 3.730772e-16 	 4.356339e-16
1 	 470 	 3 	 1 	 3.578861e-16 	 4.032650e-16
1 	 471 	 3 	 1 	 3.478809e-16 	 3.810072e-16
1 	 472 	 3 	 1 	 3.409136e-16 	 3.646728e-16
1 	 473 	 3 	 1 	 3.339464e-16 	 3.483384e-16
1 	 474 	 3 	 1 	 3.269792e-16 	 3.320040e-16
1 	 475 	 3 	 1 	 3.200119e-16 	 3.156697e-16
1 	 476 	 3 	 1 	 3.130447e-16 	 2.993353e-16
1 	 477 	 3 	 1 	 3.060775e-16 	 2.830009e-16
1 	 478 	 3 	 1 	 2.999572e-16 	 2.716864e-16
1 	 479 	 3 	 1 	 2.944904e-16 	 2.642446e-16
1 	 480 	 3 	 1 	 2.890235e-16 	 2.568028e-16
1 	 481 	 3 	 1 	 2.835567e-16 	 2.493610e-16
1 	 482 	 3 	 1 	 2.780899e-16 	 2.419193e-16
1 	 483 	 3 	 1 	 2.726230e-16 	 2.344775e-16
1 	 484 	 3 	 1 	 2.671562e-16 	 2.270357e-16
1 	 485 	 3 	 1 	 2.615805e-16 	 2.208280e-16
1 	 486 	 3 	 1 	 2.557685e-16 	 2.172974e-16
1 	 487 	 3 	 1 	 2.499566e-16 	 2.137668e-16
1 	 488 	 3 	 1 	 2.441447e-16 	 2.102362e-16
1 	 489 	 3 	 1 	 2.383327e-16 	 2.067056e-16
1 	 490 	 3 	 1 	 2.325208e-16 	 2.031750e-16
1 	 491 	 3 	 1 	 2.267089e-16 	 1.996444e-16
1 	 492 	 3 	 1 	 2.208970e-16 	 1.961138e-16
1 	 493 	 3 	 1 	 2.149153e-16 	 1.936354e-16
1 	 494 	 3 	 1 	 2.089103e-16 	 1.913019e-16
1 	 495 	 3 	 1 	 2.029052e-16 	 1.889684e-16
1 	 496 	 3 	 1 	 1.969002e-16 	 1.866349e-16
1 	 497 	 3 	 1 	 1.908951e-16 	 1.843014e-16
1 	 498 	 3 	 1 	 1.848901e-16 	 1.819679e-16
1 	 499 	 3 	 1 	 1.788851e-16 	 1.796344e-16
1 	 500 	 3 	 1 	 1.729840e-16 	 1.773216e-16
1 	 501 	 3 	 1 	 1.673952e-16 	 1.750712e-16
1 	 502 	 3 	 1 	 1.618064e-16 	 1.728208e-16
1 	 503 	 3 	 1 	 1.562175e-16 	 1.705703e-16
1 	 504 	 3 	 1 	 1.506287e-16 	 1.683199e-16
1 	 505 	 3 	 1 	 1.450399e-16 	 1.660695e-16
1 	 506 	 3 	 1 	 1.394510e-16 	 1.638190e-16
1 	 507 	 3 	 1 	 1.338622e-16 	 1.615686e-16
1 	 508 	 3 	 1 	 1.286380e-16 	 1.592501e-16
1 	 509 	 3 	 1 	 1.239105e-16 	 1.568389e-16
1 	 510 	 3 	 1 	 1.191829e-16 	 1.544276e-16
1 	 511 	 3 	 1 	 1.144554e-16 	 1.520164e-16
1 	 512 	 3 	 1 	 1.097279e-16 	 1.496052e-16
1 	 513 	 3 	 1 	 1.050003e-16 	 1.471940e-16
1 	 514 	 3 	 1 	 1.002728e-16 	 1.447827e-16
1 	 515 	 3 	 1 	 9.554526e-17 	 1.423715e-16
1 	 516 	 3 	 1 	 9.121939e-17 	 1.399384e-16
1 	 517 	 3 	 1 	 8.751072e-17 	 1.374715e-16
1 	 518 	 3 	 1 	 8.380205e-17 	 1.350047e-16
1 	 519 	 3 	 1 	 8.009337e-17 	 1.325378e-16
1 	 520 	 3 	 1 	 7.638470e-17 	 1.300710e-16
1 	 521 	 3 	 1 	 7.267603e-17 	 1.276041e-16
1 	 522 	 3 	 1 	 6.896735e-17 	 1.251373e-16
1 	 523 	 3 	 1 	 6.525868e-17 	 1.226704e-16
1 	 524 	 3 	 1 	 6.170143e-17 	 1.202217e-16
1 	 525 	 3 	 1 	 5.895530e-17 	 1.178697e-16
1 	 526 	 3 	 1 	 5.620917e-17 	 1.155176e-16
1 	 527 	 3 	 1 	 5.346304e-17 	 1.131656e-16
1 	 528 	 3 	 1 	 5.071691e-17 	 1.108136e-16
1 	 529 	 3 	 1 	 4.797078e-17 	 1.084616e-16
1 	 530 	 3 	 1 	 4.522465e-17 	 1.061096e-16
1 	 531 	 3 	 1 	 4.247852e-17 	 1.037575e-16
1 	 532 	 3 	 1 	 3.973239e-17 	 1.014055e-16
1 	 533 	 3 	 1 	 3.755393e-17 	 9.922169e-17
1 	 534 	 3 	 1 	 3.561049e-17 	 9.710749e-17
1 	 535 	 3 	 1 	 3.366705e-17 	 9.499329e-17
1 	 536 	 3 	 1 	 3.172360e-17 	 9.287909e-17
1 	 537 	 3 	 1 	 2.978016e-17 	 9.076489e-17
1 	 538 	 3 	 1 	 2.783672e-17 	 8.865069e-17
1 	 539 	 3 	 1 	 2.589328e-17 	 8.653649e-17
1 	 540 	 3 	 1 	 2.394984e-17 	 8.442228e-17
1 	 541 	 3 	 1 	 2.203021e-17 	 8.231937e-17
1 	 542 	 3 	 1 	 2.070723e-17 	 8.049930e-17
1 	 543 	 3 	 1 	 1.938425e-17 	 7.867923e-17
1 	 544 	 3 	 1 	 1.806127e-17 	 7.685916e-17
1 	 545 	 3 	 1 	 1.673828e-17 	 7.503909e-17
1 	 546 	 3 	 1 	 1.541530e-17 	 7.321902e-17
1 	 547 	 3 	 1 	 1.409232e-17 	 7.139895e-17
1 	 548 	 3 	 1 	 1.276934e-17 	 6.957888e-17
1 	 549 	 3 	 1 	 1.144636e-17 	 6.775881e-17
1 	 550 	 3 	 1 	 1.018981e-17 	 6.598236e-17
1 	 551 	 3 	 1 	 9.324410e-18 	 6.446273e-17
1 	 552 	 3 	 1 	 8.459008e-18 	 6.294309e-17
1 	 553 	 3 	 1 	 7.593606e-18 	 6.142346e-17
1 	 554 	 3 	 1 	 6.728203e-18 	 5.990382e-17
1 	 555 	 3 	 1 	 5.862801e-18 	 5.838419e-17
1 	 556 	 3 	 1 	 4.997398e-18 	 5.686456e-17
1 	 557 	 3 	 1 	 4.131996e-18 	 5.534492e-17
1 	 558 	 3 	 1 	 3.266594e-18 	 5.382529e-17
1 	 559 	 3 	 1 	 2.408328e-18 	 5.231174e-17
1 	 560 	 3 	 1 	 1.870117e-18 	 5.107089e-17
1 	 561 	 3 	 1 	 1.331906e-18 	 4.983004e-17
1 	 562 	 3 	 1 	 7.936954e-19 	 4.858918e-17
1 	 563 	 3 	 1 	 2.554845e-19 	 4.734833e-17
1 	 564 	 3 	 1 	 -2.827264e-19 	 4.610748e-17
1 	 565 	 3 	 1 	 -8.209373e-19 	 4.486663e-17
1 	 566 	 3 	 1 	 -1.359148e-18 	 4.362578e-17
1 	 567 	 3 	 1 	 -1.897359e-18 	 4.238493e-17
1 	 568 	 3 	 1 	 -2.435570e-18 	 4.114408e-17
1 	 569 	 3 	 1 	 -2.822310e-18 	 4.006549e-17
1 	 570 	 3 	 1 	 -3.131816e-18 	 3.906965e-17
1 	 571 	 3 	 1 	 -3.441322e-18 	 3.807380e-17
1 	 572 	 3 	 1 	 -3.750829e-18 	 3.707795e-17
1 	 573 	 3 	 1 	 -4.060335e-18 	 3.608210e-17
1 	 574 	 3 	 1 	 -4.369840e-18 	 3.508626e-17
1 	 575 	 3 	 1 	 -4.679347e-18 	 3.409041e-17
1 	 576 	 3 	 1 	 -4.988853e-18 	 3.309456e-17
1 	 577 	 3 	 1 	 -5.298359e-18 	 3.209871e-17
1 	 578 	 3 	 1 	 -5.598403e-18 	 3.111550e-17
1 	 579 	 3 	 1 	 -5.751604e-18 	 3.032842e-17
1 	 580 	 3 	 1 	 -5.904804e-18 	 2.954133e-17
1 	 581 	 3 	 1 	 -6.058004e-18 	 2.875424e-17
1 	 582 	 3 	 1 	 -6.211205e-18 	 2.796716e-17
1 	 583 	 3 	 1 	 -6.364405e-18 	 2.718007e-17
1 	 584 	 3 	 1 	 -6.517606e-18 	 2.639298e-17
1 	 585 	 3 	 1 	 -6.670806e-18 	 2.560589e-17
1 	 586 	 3 	 1 	 -6.824006e-18 	 2.481881e-17
1 	 587 	 3 	 1 	 -6.977207e-18 	 2.403172e-17
1 	 588 	 3 	 1 	 -7.108608e-18 	 2.328125e-17
1 	 589 	 3 	 1 	 -7.158127e-18 	 2.266830e-17
1 	 590 	 3 	 1 	 -7.207646e-18 	 2.205536e-17
1 	 591 	 3 	 1 	 -7.257165e-18 	 2.144241e-17
1 	 592 	 3 	 1 	 -7.306684e-18 	 2.082947e-17
1 	 593 	 3 	 1 	 -7.356202e-18 	 2.021652e-17
1 	 594 	 3 	 1 	 -7.405722e-18 	 1.960358e-17
1 	 595 	 3 	 1 	 -7.455240e-18 	 1.899063e-17
1 	 596 	 3 	 1 	 -7.504759e-18 	 1.837769e-17
1 	 597 	 3 	 1 	 -7.554278e-18 	 1.776474e-17
1 	 598 	 3 	 1 	 -7.596887e-18 	 1.716680e-17
1 	 599 	 3 	 1 	 -7.580621e-18 	 1.669672e-17
1 	 600 	 3 	 1 	 -7.564356e-18 	 1.622663e-17
1 	 601 	 3 	 1 	 -7.548090e-18 	 1.575654e-17
1 	 602 	 3 	 1 	 -7.531824e-18 	 1.528646e-17
1 	 603 	 3 	 1 	 -7.515558e-18 	 1.481637e-17
1 	 604 	 3 	 1 	 -7.499292e-18 	 1.434628e-17
1 	 605 	 3 	 1 	 -7.483027e-18 	 1.387620e-17
1 	 606 	 3 	 1 	 -7.466761e-18 	 1.340611e-17
1 	 607 	 3 	 1 	 -7.450494e-18 	 1.293602e-17
1 	 608 	 3 	 1 	 -7.434229e-18 	 1.246594e-17
1 	 609 	 3 	 1 	 -7.389439e-18 	 1.208104e-17
1 	 610 	 3 	 1 	 -7.334535e-18 	 1.172635e-17
1 	 611 	 3 	 1 	 -7.279630e-18 	 1.137166e-17
1 	 612 	 3 	 1 	 -7.224726e-18 	 1.101698e-17
1 	 613 	 3 	 1 	 -7.169821e-18 	 1.066229e-17
1 	 614 	 3 	 1 	 -7.114917e-18 	 1.030760e-17
1 	 615 	 3 	 1 	 -7.060013e-18 	 9.952910e-18
1 	 616 	 3 	 1 	 -7.005108e-18 	 9.598222e-18
1 	 617 	 3 	 1 	 -6.950204e-18 	 9.243534e-18
1 	 618 	 3 	 1 	 -6.895299e-18 	 8.888846e-18
1 	 619 	 3 	 1 	 -6.838340e-18 	 8.543621e-18
1 	 620 	 3 	 1 	 -6.763511e-18 	 8.280697e-18
1 	 621 	 3 	 1 	 -6.688682e-18 	 8.017773e-18
1 	 622 	 3 	 1 	 -6.613852e-18 	 7.754850e-18
1 	 623 	 3 	 1 	 -6.539023e-18 	 7.491926e-18
1 	 624 	 3 	 1 	 -6.464194e-18 	 7.229003e-18
1 	 625 	 3 	 1 	 -6.389365e-18 	 6.966078e-18
1 	 626 	 3 	 1 	 -6.314535e-18 	 6.703155e-18
1 	 627 	 3 	 1 	 -6.239706e-18 	 6.440231e-18
1 	 628 	 3 	 1 	 -6.164877e-18 	 6.177308e-18
1 	 629 	 3 	 1 	 -6.090048e-18 	 5.914384e-18
1 	 630 	 3 	 1 	 -6.013788e-18 	 5.665346e-18
1 	 631 	 3 	 1 	 -5.931536e-18 	 5.474464e-18
1 	 632 	 3 	 1 	 -5.849285e-18 	 5.283581e-18
1 	 633 	 3 	 1 	 -5.767034e-18 	 5.092699e-18
1 	 634 	 3 	 1 	 -5.684782e-18 	 4.901816e-18
1 	 635 	 3 	 1 	 -5.602531e-18 	 4.710933e-18
1 	 636 	 3 	 1 	 -5.520279e-18 	 4.520051e-18
1 	 637 	 3 	 1 	 -5.438028e-18 	 4.329168e-18
1 	 638 	 3 	 1 	 -5.355776e-18 	 4.138286e-18
1 	 639 	 3 	 1 	 -5.273525e-18 	 3.947403e-18
1 	 640 	 3 	 1 	 -5.191273e-18 	 3.756520e-18
1 	 641 	 3 	 1 	 -5.109022e-18 	 3.565638e-18
