iteration 	 relres
0 	 1.000000e+00
1 	 3.685733e-01
2 	 2.568936e-01
3 	 1.109791e-01
4 	 7.025584e-02
5 	 8.302824e-02
6 	 2.284705e-02
7 	 1.850284e-02
8 	 1.292458e-02
9 	 8.243934e-03
10 	 4.888611e-03
11 	 3.120124e-03
12 	 2.618433e-03
13 	 2.128578e-03
14 	 1.752292e-03
15 	 1.364961e-03
16 	 1.097000e-03
17 	 1.134717e-03
18 	 7.557756e-04
19 	 7.251327e-04
20 	 6.221937e-04
21 	 5.239621e-04
22 	 1.114133e-03
23 	 1.237708e-03
24 	 2.480192e-04
25 	 2.149923e-04
26 	 1.987168e-04
27 	 1.886574e-04
28 	 2.306154e-04
29 	 9.498886e-05
30 	 8.462665e-05
31 	 7.950816e-05
32 	 6.943453e-05
33 	 1.006589e-04
34 	 8.211601e-05
35 	 6.906266e-05
36 	 2.787017e-05
37 	 2.665920e-05
38 	 2.612500e-05
39 	 2.450343e-05
40 	 2.249121e-05
41 	 4.465047e-05
42 	 3.025267e-05
43 	 3.581331e-05
44 	 4.106244e-05
45 	 5.216850e-05
46 	 4.849138e-05
47 	 4.582197e-05
48 	 4.374318e-05
49 	 4.843884e-05
50 	 4.199545e-05
51 	 3.781757e-05
52 	 6.344834e-05
53 	 3.597941e-05
54 	 2.204893e-05
55 	 1.048401e-05
56 	 8.404842e-06
57 	 8.231736e-06
58 	 7.420070e-06
59 	 8.907904e-06
60 	 6.207706e-06
61 	 6.269188e-06
62 	 7.801748e-06
63 	 3.161658e-05
64 	 6.190850e-06
65 	 4.298158e-06
66 	 4.138207e-06
67 	 4.019640e-06
68 	 3.965357e-06
69 	 4.139815e-06
70 	 3.212521e-06
71 	 2.800926e-06
72 	 2.306807e-06
73 	 2.224528e-06
74 	 2.207287e-06
75 	 2.056044e-06
76 	 2.226911e-06
77 	 1.910787e-06
78 	 1.875927e-06
79 	 1.969623e-06
80 	 1.794926e-06
81 	 1.760381e-06
82 	 1.766204e-06
83 	 1.694886e-06
84 	 1.645525e-06
85 	 2.057997e-06
86 	 2.224516e-06
87 	 2.212942e-06
88 	 1.902716e-06
89 	 1.871707e-06
90 	 1.322452e-06
91 	 1.312046e-06
92 	 1.298416e-06
93 	 7.904704e-07
94 	 9.436456e-07
95 	 9.103224e-07
96 	 8.553985e-07
97 	 8.359806e-07
98 	 8.475312e-07
99 	 7.953220e-07
100 	 8.497689e-07
101 	 8.181270e-07
102 	 8.397739e-07
103 	 5.310256e-07
104 	 7.789341e-07
105 	 6.760579e-07
106 	 4.946365e-07
107 	 4.094171e-07
108 	 3.089524e-07
109 	 3.731594e-07
110 	 3.723929e-07
111 	 4.340915e-07
112 	 5.692446e-07
113 	 3.942427e-07
114 	 3.830056e-07
115 	 3.687567e-07
116 	 3.790561e-07
117 	 3.606015e-07
118 	 3.273549e-07
119 	 3.134226e-07
120 	 3.179717e-07
121 	 2.701828e-07
122 	 2.487667e-07
123 	 2.227832e-07
124 	 2.170886e-07
125 	 2.051229e-07
126 	 1.817810e-07
127 	 1.778009e-07
128 	 1.705028e-07
129 	 1.757803e-07
130 	 1.749779e-07
131 	 1.716661e-07
132 	 1.710049e-07
133 	 1.676254e-07
134 	 1.638768e-07
135 	 1.603552e-07
136 	 1.554177e-07
137 	 1.524558e-07
138 	 1.606548e-07
139 	 1.224362e-07
140 	 1.275714e-07
141 	 9.276111e-08
142 	 8.956887e-08
143 	 8.169118e-08
144 	 6.865185e-08
145 	 6.786142e-08
146 	 6.646351e-08
147 	 6.670691e-08
148 	 6.925876e-08
149 	 7.197747e-08
150 	 7.476819e-08
151 	 7.397512e-08
152 	 8.255565e-08
153 	 7.601447e-08
154 	 6.438257e-08
155 	 6.484344e-08
156 	 5.353287e-08
157 	 5.368200e-08
158 	 5.666923e-08
159 	 4.518050e-08
160 	 4.012502e-08
161 	 4.207187e-08
162 	 4.213334e-08
163 	 3.428027e-08
164 	 3.660408e-08
165 	 3.341284e-08
166 	 3.171462e-08
167 	 3.020817e-08
168 	 2.832533e-08
169 	 2.819361e-08
170 	 2.808465e-08
171 	 2.665646e-08
172 	 2.652608e-08
173 	 2.774516e-08
174 	 2.763284e-08
175 	 2.824403e-08
176 	 2.914986e-08
177 	 2.926705e-08
178 	 2.915827e-08
179 	 2.916484e-08
180 	 2.882676e-08
181 	 2.876353e-08
182 	 2.889100e-08
183 	 2.861693e-08
184 	 2.795165e-08
185 	 2.709039e-08
186 	 2.620346e-08
187 	 2.557230e-08
188 	 2.548084e-08
189 	 2.585422e-08
190 	 2.545772e-08
191 	 2.465382e-08
192 	 2.389362e-08
193 	 2.272898e-08
194 	 1.983484e-08
195 	 2.037296e-08
196 	 1.983984e-08
197 	 1.962644e-08
198 	 2.034243e-08
199 	 3.676411e-08
200 	 1.896146e-08
201 	 1.849068e-08
202 	 1.759440e-08
203 	 1.685852e-08
204 	 1.725662e-08
205 	 1.645194e-08
206 	 1.576228e-08
207 	 1.156551e-08
208 	 1.165226e-08
209 	 1.158317e-08
210 	 1.122545e-08
211 	 1.109955e-08
212 	 1.110941e-08
213 	 1.123189e-08
214 	 1.124977e-08
215 	 1.173505e-08
216 	 1.170700e-08
217 	 1.199136e-08
218 	 1.156457e-08
219 	 1.181465e-08
220 	 1.401263e-08
221 	 1.695528e-08
222 	 1.619816e-08
223 	 1.286296e-08
224 	 1.441568e-08
225 	 1.624191e-08
226 	 1.541122e-08
227 	 1.537524e-08
228 	 1.559314e-08
229 	 1.580585e-08
230 	 1.477829e-08
231 	 1.479043e-08
232 	 1.473375e-08
233 	 1.466040e-08
234 	 1.472505e-08
235 	 1.415331e-08
236 	 1.398209e-08
237 	 1.386347e-08
238 	 1.202918e-08
239 	 1.312361e-08
240 	 1.302633e-08
241 	 1.300795e-08
242 	 1.278165e-08
243 	 1.219293e-08
244 	 1.330375e-08
245 	 9.525584e-09
246 	 1.227989e-08
247 	 1.309986e-08
248 	 1.262750e-08
249 	 1.226172e-08
250 	 1.222970e-08
251 	 1.006555e-08
