          x1          x2          x3     azimuth         dip         iRx
  -10000.0000       0.00000000       1000.00000               0           0           1
  -9968.75000       0.00000000       1000.00000               0           0           2
  -9937.50000       0.00000000       1000.00000               0           0           3
  -9906.25000       0.00000000       1000.00000               0           0           4
  -9875.00000       0.00000000       1000.00000               0           0           5
  -9843.75000       0.00000000       1000.00000               0           0           6
  -9812.50000       0.00000000       1000.00000               0           0           7
  -9781.25000       0.00000000       1000.00000               0           0           8
  -9750.00000       0.00000000       1000.00000               0           0           9
  -9718.75000       0.00000000       1000.00000               0           0          10
  -9687.50000       0.00000000       1000.00000               0           0          11
  -9656.25000       0.00000000       1000.00000               0           0          12
  -9625.00000       0.00000000       1000.00000               0           0          13
  -9593.75000       0.00000000       1000.00000               0           0          14
  -9562.50000       0.00000000       1000.00000               0           0          15
  -9531.25000       0.00000000       1000.00000               0           0          16
  -9500.00000       0.00000000       1000.00000               0           0          17
  -9468.75000       0.00000000       1000.00000               0           0          18
  -9437.50000       0.00000000       1000.00000               0           0          19
  -9406.25000       0.00000000       1000.00000               0           0          20
  -9375.00000       0.00000000       1000.00000               0           0          21
  -9343.75000       0.00000000       1000.00000               0           0          22
  -9312.50000       0.00000000       1000.00000               0           0          23
  -9281.25000       0.00000000       1000.00000               0           0          24
  -9250.00000       0.00000000       1000.00000               0           0          25
  -9218.75000       0.00000000       1000.00000               0           0          26
  -9187.50000       0.00000000       1000.00000               0           0          27
  -9156.25000       0.00000000       1000.00000               0           0          28
  -9125.00000       0.00000000       1000.00000               0           0          29
  -9093.75000       0.00000000       1000.00000               0           0          30
  -9062.50000       0.00000000       1000.00000               0           0          31
  -9031.25000       0.00000000       1000.00000               0           0          32
  -9000.00000       0.00000000       1000.00000               0           0          33
  -8968.75000       0.00000000       1000.00000               0           0          34
  -8937.50000       0.00000000       1000.00000               0           0          35
  -8906.25000       0.00000000       1000.00000               0           0          36
  -8875.00000       0.00000000       1000.00000               0           0          37
  -8843.75000       0.00000000       1000.00000               0           0          38
  -8812.50000       0.00000000       1000.00000               0           0          39
  -8781.25000       0.00000000       1000.00000               0           0          40
  -8750.00000       0.00000000       1000.00000               0           0          41
  -8718.75000       0.00000000       1000.00000               0           0          42
  -8687.50000       0.00000000       1000.00000               0           0          43
  -8656.25000       0.00000000       1000.00000               0           0          44
  -8625.00000       0.00000000       1000.00000               0           0          45
  -8593.75000       0.00000000       1000.00000               0           0          46
  -8562.50000       0.00000000       1000.00000               0           0          47
  -8531.25000       0.00000000       1000.00000               0           0          48
  -8500.00000       0.00000000       1000.00000               0           0          49
  -8468.75000       0.00000000       1000.00000               0           0          50
  -8437.50000       0.00000000       1000.00000               0           0          51
  -8406.25000       0.00000000       1000.00000               0           0          52
  -8375.00000       0.00000000       1000.00000               0           0          53
  -8343.75000       0.00000000       1000.00000               0           0          54
  -8312.50000       0.00000000       1000.00000               0           0          55
  -8281.25000       0.00000000       1000.00000               0           0          56
  -8250.00000       0.00000000       1000.00000               0           0          57
  -8218.75000       0.00000000       1000.00000               0           0          58
  -8187.50000       0.00000000       1000.00000               0           0          59
  -8156.25000       0.00000000       1000.00000               0           0          60
  -8125.00000       0.00000000       1000.00000               0           0          61
  -8093.75000       0.00000000       1000.00000               0           0          62
  -8062.50000       0.00000000       1000.00000               0           0          63
  -8031.25000       0.00000000       1000.00000               0           0          64
  -8000.00000       0.00000000       1000.00000               0           0          65
  -7968.75000       0.00000000       1000.00000               0           0          66
  -7937.50000       0.00000000       1000.00000               0           0          67
  -7906.25000       0.00000000       1000.00000               0           0          68
  -7875.00000       0.00000000       1000.00000               0           0          69
  -7843.75000       0.00000000       1000.00000               0           0          70
  -7812.50000       0.00000000       1000.00000               0           0          71
  -7781.25000       0.00000000       1000.00000               0           0          72
  -7750.00000       0.00000000       1000.00000               0           0          73
  -7718.75000       0.00000000       1000.00000               0           0          74
  -7687.50000       0.00000000       1000.00000               0           0          75
  -7656.25000       0.00000000       1000.00000               0           0          76
  -7625.00000       0.00000000       1000.00000               0           0          77
  -7593.75000       0.00000000       1000.00000               0           0          78
  -7562.50000       0.00000000       1000.00000               0           0          79
  -7531.25000       0.00000000       1000.00000               0           0          80
  -7500.00000       0.00000000       1000.00000               0           0          81
  -7468.75000       0.00000000       1000.00000               0           0          82
  -7437.50000       0.00000000       1000.00000               0           0          83
  -7406.25000       0.00000000       1000.00000               0           0          84
  -7375.00000       0.00000000       1000.00000               0           0          85
  -7343.75000       0.00000000       1000.00000               0           0          86
  -7312.50000       0.00000000       1000.00000               0           0          87
  -7281.25000       0.00000000       1000.00000               0           0          88
  -7250.00000       0.00000000       1000.00000               0           0          89
  -7218.75000       0.00000000       1000.00000               0           0          90
  -7187.50000       0.00000000       1000.00000               0           0          91
  -7156.25000       0.00000000       1000.00000               0           0          92
  -7125.00000       0.00000000       1000.00000               0           0          93
  -7093.75000       0.00000000       1000.00000               0           0          94
  -7062.50000       0.00000000       1000.00000               0           0          95
  -7031.25000       0.00000000       1000.00000               0           0          96
  -7000.00000       0.00000000       1000.00000               0           0          97
  -6968.75000       0.00000000       1000.00000               0           0          98
  -6937.50000       0.00000000       1000.00000               0           0          99
  -6906.25000       0.00000000       1000.00000               0           0         100
  -6875.00000       0.00000000       1000.00000               0           0         101
  -6843.75000       0.00000000       1000.00000               0           0         102
  -6812.50000       0.00000000       1000.00000               0           0         103
  -6781.25000       0.00000000       1000.00000               0           0         104
  -6750.00000       0.00000000       1000.00000               0           0         105
  -6718.75000       0.00000000       1000.00000               0           0         106
  -6687.50000       0.00000000       1000.00000               0           0         107
  -6656.25000       0.00000000       1000.00000               0           0         108
  -6625.00000       0.00000000       1000.00000               0           0         109
  -6593.75000       0.00000000       1000.00000               0           0         110
  -6562.50000       0.00000000       1000.00000               0           0         111
  -6531.25000       0.00000000       1000.00000               0           0         112
  -6500.00000       0.00000000       1000.00000               0           0         113
  -6468.75000       0.00000000       1000.00000               0           0         114
  -6437.50000       0.00000000       1000.00000               0           0         115
  -6406.25000       0.00000000       1000.00000               0           0         116
  -6375.00000       0.00000000       1000.00000               0           0         117
  -6343.75000       0.00000000       1000.00000               0           0         118
  -6312.50000       0.00000000       1000.00000               0           0         119
  -6281.25000       0.00000000       1000.00000               0           0         120
  -6250.00000       0.00000000       1000.00000               0           0         121
  -6218.75000       0.00000000       1000.00000               0           0         122
  -6187.50000       0.00000000       1000.00000               0           0         123
  -6156.25000       0.00000000       1000.00000               0           0         124
  -6125.00000       0.00000000       1000.00000               0           0         125
  -6093.75000       0.00000000       1000.00000               0           0         126
  -6062.50000       0.00000000       1000.00000               0           0         127
  -6031.25000       0.00000000       1000.00000               0           0         128
  -6000.00000       0.00000000       1000.00000               0           0         129
  -5968.75000       0.00000000       1000.00000               0           0         130
  -5937.50000       0.00000000       1000.00000               0           0         131
  -5906.25000       0.00000000       1000.00000               0           0         132
  -5875.00000       0.00000000       1000.00000               0           0         133
  -5843.75000       0.00000000       1000.00000               0           0         134
  -5812.50000       0.00000000       1000.00000               0           0         135
  -5781.25000       0.00000000       1000.00000               0           0         136
  -5750.00000       0.00000000       1000.00000               0           0         137
  -5718.75000       0.00000000       1000.00000               0           0         138
  -5687.50000       0.00000000       1000.00000               0           0         139
  -5656.25000       0.00000000       1000.00000               0           0         140
  -5625.00000       0.00000000       1000.00000               0           0         141
  -5593.75000       0.00000000       1000.00000               0           0         142
  -5562.50000       0.00000000       1000.00000               0           0         143
  -5531.25000       0.00000000       1000.00000               0           0         144
  -5500.00000       0.00000000       1000.00000               0           0         145
  -5468.75000       0.00000000       1000.00000               0           0         146
  -5437.50000       0.00000000       1000.00000               0           0         147
  -5406.25000       0.00000000       1000.00000               0           0         148
  -5375.00000       0.00000000       1000.00000               0           0         149
  -5343.75000       0.00000000       1000.00000               0           0         150
  -5312.50000       0.00000000       1000.00000               0           0         151
  -5281.25000       0.00000000       1000.00000               0           0         152
  -5250.00000       0.00000000       1000.00000               0           0         153
  -5218.75000       0.00000000       1000.00000               0           0         154
  -5187.50000       0.00000000       1000.00000               0           0         155
  -5156.25000       0.00000000       1000.00000               0           0         156
  -5125.00000       0.00000000       1000.00000               0           0         157
  -5093.75000       0.00000000       1000.00000               0           0         158
  -5062.50000       0.00000000       1000.00000               0           0         159
  -5031.25000       0.00000000       1000.00000               0           0         160
  -5000.00000       0.00000000       1000.00000               0           0         161
  -4968.75000       0.00000000       1000.00000               0           0         162
  -4937.50000       0.00000000       1000.00000               0           0         163
  -4906.25000       0.00000000       1000.00000               0           0         164
  -4875.00000       0.00000000       1000.00000               0           0         165
  -4843.75000       0.00000000       1000.00000               0           0         166
  -4812.50000       0.00000000       1000.00000               0           0         167
  -4781.25000       0.00000000       1000.00000               0           0         168
  -4750.00000       0.00000000       1000.00000               0           0         169
  -4718.75000       0.00000000       1000.00000               0           0         170
  -4687.50000       0.00000000       1000.00000               0           0         171
  -4656.25000       0.00000000       1000.00000               0           0         172
  -4625.00000       0.00000000       1000.00000               0           0         173
  -4593.75000       0.00000000       1000.00000               0           0         174
  -4562.50000       0.00000000       1000.00000               0           0         175
  -4531.25000       0.00000000       1000.00000               0           0         176
  -4500.00000       0.00000000       1000.00000               0           0         177
  -4468.75000       0.00000000       1000.00000               0           0         178
  -4437.50000       0.00000000       1000.00000               0           0         179
  -4406.25000       0.00000000       1000.00000               0           0         180
  -4375.00000       0.00000000       1000.00000               0           0         181
  -4343.75000       0.00000000       1000.00000               0           0         182
  -4312.50000       0.00000000       1000.00000               0           0         183
  -4281.25000       0.00000000       1000.00000               0           0         184
  -4250.00000       0.00000000       1000.00000               0           0         185
  -4218.75000       0.00000000       1000.00000               0           0         186
  -4187.50000       0.00000000       1000.00000               0           0         187
  -4156.25000       0.00000000       1000.00000               0           0         188
  -4125.00000       0.00000000       1000.00000               0           0         189
  -4093.75000       0.00000000       1000.00000               0           0         190
  -4062.50000       0.00000000       1000.00000               0           0         191
  -4031.25000       0.00000000       1000.00000               0           0         192
  -4000.00000       0.00000000       1000.00000               0           0         193
  -3968.75000       0.00000000       1000.00000               0           0         194
  -3937.50000       0.00000000       1000.00000               0           0         195
  -3906.25000       0.00000000       1000.00000               0           0         196
  -3875.00000       0.00000000       1000.00000               0           0         197
  -3843.75000       0.00000000       1000.00000               0           0         198
  -3812.50000       0.00000000       1000.00000               0           0         199
  -3781.25000       0.00000000       1000.00000               0           0         200
  -3750.00000       0.00000000       1000.00000               0           0         201
  -3718.75000       0.00000000       1000.00000               0           0         202
  -3687.50000       0.00000000       1000.00000               0           0         203
  -3656.25000       0.00000000       1000.00000               0           0         204
  -3625.00000       0.00000000       1000.00000               0           0         205
  -3593.75000       0.00000000       1000.00000               0           0         206
  -3562.50000       0.00000000       1000.00000               0           0         207
  -3531.25000       0.00000000       1000.00000               0           0         208
  -3500.00000       0.00000000       1000.00000               0           0         209
  -3468.75000       0.00000000       1000.00000               0           0         210
  -3437.50000       0.00000000       1000.00000               0           0         211
  -3406.25000       0.00000000       1000.00000               0           0         212
  -3375.00000       0.00000000       1000.00000               0           0         213
  -3343.75000       0.00000000       1000.00000               0           0         214
  -3312.50000       0.00000000       1000.00000               0           0         215
  -3281.25000       0.00000000       1000.00000               0           0         216
  -3250.00000       0.00000000       1000.00000               0           0         217
  -3218.75000       0.00000000       1000.00000               0           0         218
  -3187.50000       0.00000000       1000.00000               0           0         219
  -3156.25000       0.00000000       1000.00000               0           0         220
  -3125.00000       0.00000000       1000.00000               0           0         221
  -3093.75000       0.00000000       1000.00000               0           0         222
  -3062.50000       0.00000000       1000.00000               0           0         223
  -3031.25000       0.00000000       1000.00000               0           0         224
  -3000.00000       0.00000000       1000.00000               0           0         225
  -2968.75000       0.00000000       1000.00000               0           0         226
  -2937.50000       0.00000000       1000.00000               0           0         227
  -2906.25000       0.00000000       1000.00000               0           0         228
  -2875.00000       0.00000000       1000.00000               0           0         229
  -2843.75000       0.00000000       1000.00000               0           0         230
  -2812.50000       0.00000000       1000.00000               0           0         231
  -2781.25000       0.00000000       1000.00000               0           0         232
  -2750.00000       0.00000000       1000.00000               0           0         233
  -2718.75000       0.00000000       1000.00000               0           0         234
  -2687.50000       0.00000000       1000.00000               0           0         235
  -2656.25000       0.00000000       1000.00000               0           0         236
  -2625.00000       0.00000000       1000.00000               0           0         237
  -2593.75000       0.00000000       1000.00000               0           0         238
  -2562.50000       0.00000000       1000.00000               0           0         239
  -2531.25000       0.00000000       1000.00000               0           0         240
  -2500.00000       0.00000000       1000.00000               0           0         241
  -2468.75000       0.00000000       1000.00000               0           0         242
  -2437.50000       0.00000000       1000.00000               0           0         243
  -2406.25000       0.00000000       1000.00000               0           0         244
  -2375.00000       0.00000000       1000.00000               0           0         245
  -2343.75000       0.00000000       1000.00000               0           0         246
  -2312.50000       0.00000000       1000.00000               0           0         247
  -2281.25000       0.00000000       1000.00000               0           0         248
  -2250.00000       0.00000000       1000.00000               0           0         249
  -2218.75000       0.00000000       1000.00000               0           0         250
  -2187.50000       0.00000000       1000.00000               0           0         251
  -2156.25000       0.00000000       1000.00000               0           0         252
  -2125.00000       0.00000000       1000.00000               0           0         253
  -2093.75000       0.00000000       1000.00000               0           0         254
  -2062.50000       0.00000000       1000.00000               0           0         255
  -2031.25000       0.00000000       1000.00000               0           0         256
  -2000.00000       0.00000000       1000.00000               0           0         257
  -1968.75000       0.00000000       1000.00000               0           0         258
  -1937.50000       0.00000000       1000.00000               0           0         259
  -1906.25000       0.00000000       1000.00000               0           0         260
  -1875.00000       0.00000000       1000.00000               0           0         261
  -1843.75000       0.00000000       1000.00000               0           0         262
  -1812.50000       0.00000000       1000.00000               0           0         263
  -1781.25000       0.00000000       1000.00000               0           0         264
  -1750.00000       0.00000000       1000.00000               0           0         265
  -1718.75000       0.00000000       1000.00000               0           0         266
  -1687.50000       0.00000000       1000.00000               0           0         267
  -1656.25000       0.00000000       1000.00000               0           0         268
  -1625.00000       0.00000000       1000.00000               0           0         269
  -1593.75000       0.00000000       1000.00000               0           0         270
  -1562.50000       0.00000000       1000.00000               0           0         271
  -1531.25000       0.00000000       1000.00000               0           0         272
  -1500.00000       0.00000000       1000.00000               0           0         273
  -1468.75000       0.00000000       1000.00000               0           0         274
  -1437.50000       0.00000000       1000.00000               0           0         275
  -1406.25000       0.00000000       1000.00000               0           0         276
  -1375.00000       0.00000000       1000.00000               0           0         277
  -1343.75000       0.00000000       1000.00000               0           0         278
  -1312.50000       0.00000000       1000.00000               0           0         279
  -1281.25000       0.00000000       1000.00000               0           0         280
  -1250.00000       0.00000000       1000.00000               0           0         281
  -1218.75000       0.00000000       1000.00000               0           0         282
  -1187.50000       0.00000000       1000.00000               0           0         283
  -1156.25000       0.00000000       1000.00000               0           0         284
  -1125.00000       0.00000000       1000.00000               0           0         285
  -1093.75000       0.00000000       1000.00000               0           0         286
  -1062.50000       0.00000000       1000.00000               0           0         287
  -1031.25000       0.00000000       1000.00000               0           0         288
  -1000.00000       0.00000000       1000.00000               0           0         289
  -968.750000       0.00000000       1000.00000               0           0         290
  -937.500000       0.00000000       1000.00000               0           0         291
  -906.250000       0.00000000       1000.00000               0           0         292
  -875.000000       0.00000000       1000.00000               0           0         293
  -843.750000       0.00000000       1000.00000               0           0         294
  -812.500000       0.00000000       1000.00000               0           0         295
  -781.250000       0.00000000       1000.00000               0           0         296
  -750.000000       0.00000000       1000.00000               0           0         297
  -718.750000       0.00000000       1000.00000               0           0         298
  -687.500000       0.00000000       1000.00000               0           0         299
  -656.250000       0.00000000       1000.00000               0           0         300
  -625.000000       0.00000000       1000.00000               0           0         301
  -593.750000       0.00000000       1000.00000               0           0         302
  -562.500000       0.00000000       1000.00000               0           0         303
  -531.250000       0.00000000       1000.00000               0           0         304
  -500.000000       0.00000000       1000.00000               0           0         305
  -468.750000       0.00000000       1000.00000               0           0         306
  -437.500000       0.00000000       1000.00000               0           0         307
  -406.250000       0.00000000       1000.00000               0           0         308
  -375.000000       0.00000000       1000.00000               0           0         309
  -343.750000       0.00000000       1000.00000               0           0         310
  -312.500000       0.00000000       1000.00000               0           0         311
  -281.250000       0.00000000       1000.00000               0           0         312
  -250.000000       0.00000000       1000.00000               0           0         313
  -218.750000       0.00000000       1000.00000               0           0         314
  -187.500000       0.00000000       1000.00000               0           0         315
  -156.250000       0.00000000       1000.00000               0           0         316
  -125.000000       0.00000000       1000.00000               0           0         317
  -93.7500000       0.00000000       1000.00000               0           0         318
  -62.5000000       0.00000000       1000.00000               0           0         319
  -31.2500000       0.00000000       1000.00000               0           0         320
   0.00000000       0.00000000       1000.00000               0           0         321
   31.2500000       0.00000000       1000.00000               0           0         322
   62.5000000       0.00000000       1000.00000               0           0         323
   93.7500000       0.00000000       1000.00000               0           0         324
   125.000000       0.00000000       1000.00000               0           0         325
   156.250000       0.00000000       1000.00000               0           0         326
   187.500000       0.00000000       1000.00000               0           0         327
   218.750000       0.00000000       1000.00000               0           0         328
   250.000000       0.00000000       1000.00000               0           0         329
   281.250000       0.00000000       1000.00000               0           0         330
   312.500000       0.00000000       1000.00000               0           0         331
   343.750000       0.00000000       1000.00000               0           0         332
   375.000000       0.00000000       1000.00000               0           0         333
   406.250000       0.00000000       1000.00000               0           0         334
   437.500000       0.00000000       1000.00000               0           0         335
   468.750000       0.00000000       1000.00000               0           0         336
   500.000000       0.00000000       1000.00000               0           0         337
   531.250000       0.00000000       1000.00000               0           0         338
   562.500000       0.00000000       1000.00000               0           0         339
   593.750000       0.00000000       1000.00000               0           0         340
   625.000000       0.00000000       1000.00000               0           0         341
   656.250000       0.00000000       1000.00000               0           0         342
   687.500000       0.00000000       1000.00000               0           0         343
   718.750000       0.00000000       1000.00000               0           0         344
   750.000000       0.00000000       1000.00000               0           0         345
   781.250000       0.00000000       1000.00000               0           0         346
   812.500000       0.00000000       1000.00000               0           0         347
   843.750000       0.00000000       1000.00000               0           0         348
   875.000000       0.00000000       1000.00000               0           0         349
   906.250000       0.00000000       1000.00000               0           0         350
   937.500000       0.00000000       1000.00000               0           0         351
   968.750000       0.00000000       1000.00000               0           0         352
   1000.00000       0.00000000       1000.00000               0           0         353
   1031.25000       0.00000000       1000.00000               0           0         354
   1062.50000       0.00000000       1000.00000               0           0         355
   1093.75000       0.00000000       1000.00000               0           0         356
   1125.00000       0.00000000       1000.00000               0           0         357
   1156.25000       0.00000000       1000.00000               0           0         358
   1187.50000       0.00000000       1000.00000               0           0         359
   1218.75000       0.00000000       1000.00000               0           0         360
   1250.00000       0.00000000       1000.00000               0           0         361
   1281.25000       0.00000000       1000.00000               0           0         362
   1312.50000       0.00000000       1000.00000               0           0         363
   1343.75000       0.00000000       1000.00000               0           0         364
   1375.00000       0.00000000       1000.00000               0           0         365
   1406.25000       0.00000000       1000.00000               0           0         366
   1437.50000       0.00000000       1000.00000               0           0         367
   1468.75000       0.00000000       1000.00000               0           0         368
   1500.00000       0.00000000       1000.00000               0           0         369
   1531.25000       0.00000000       1000.00000               0           0         370
   1562.50000       0.00000000       1000.00000               0           0         371
   1593.75000       0.00000000       1000.00000               0           0         372
   1625.00000       0.00000000       1000.00000               0           0         373
   1656.25000       0.00000000       1000.00000               0           0         374
   1687.50000       0.00000000       1000.00000               0           0         375
   1718.75000       0.00000000       1000.00000               0           0         376
   1750.00000       0.00000000       1000.00000               0           0         377
   1781.25000       0.00000000       1000.00000               0           0         378
   1812.50000       0.00000000       1000.00000               0           0         379
   1843.75000       0.00000000       1000.00000               0           0         380
   1875.00000       0.00000000       1000.00000               0           0         381
   1906.25000       0.00000000       1000.00000               0           0         382
   1937.50000       0.00000000       1000.00000               0           0         383
   1968.75000       0.00000000       1000.00000               0           0         384
   2000.00000       0.00000000       1000.00000               0           0         385
   2031.25000       0.00000000       1000.00000               0           0         386
   2062.50000       0.00000000       1000.00000               0           0         387
   2093.75000       0.00000000       1000.00000               0           0         388
   2125.00000       0.00000000       1000.00000               0           0         389
   2156.25000       0.00000000       1000.00000               0           0         390
   2187.50000       0.00000000       1000.00000               0           0         391
   2218.75000       0.00000000       1000.00000               0           0         392
   2250.00000       0.00000000       1000.00000               0           0         393
   2281.25000       0.00000000       1000.00000               0           0         394
   2312.50000       0.00000000       1000.00000               0           0         395
   2343.75000       0.00000000       1000.00000               0           0         396
   2375.00000       0.00000000       1000.00000               0           0         397
   2406.25000       0.00000000       1000.00000               0           0         398
   2437.50000       0.00000000       1000.00000               0           0         399
   2468.75000       0.00000000       1000.00000               0           0         400
   2500.00000       0.00000000       1000.00000               0           0         401
   2531.25000       0.00000000       1000.00000               0           0         402
   2562.50000       0.00000000       1000.00000               0           0         403
   2593.75000       0.00000000       1000.00000               0           0         404
   2625.00000       0.00000000       1000.00000               0           0         405
   2656.25000       0.00000000       1000.00000               0           0         406
   2687.50000       0.00000000       1000.00000               0           0         407
   2718.75000       0.00000000       1000.00000               0           0         408
   2750.00000       0.00000000       1000.00000               0           0         409
   2781.25000       0.00000000       1000.00000               0           0         410
   2812.50000       0.00000000       1000.00000               0           0         411
   2843.75000       0.00000000       1000.00000               0           0         412
   2875.00000       0.00000000       1000.00000               0           0         413
   2906.25000       0.00000000       1000.00000               0           0         414
   2937.50000       0.00000000       1000.00000               0           0         415
   2968.75000       0.00000000       1000.00000               0           0         416
   3000.00000       0.00000000       1000.00000               0           0         417
   3031.25000       0.00000000       1000.00000               0           0         418
   3062.50000       0.00000000       1000.00000               0           0         419
   3093.75000       0.00000000       1000.00000               0           0         420
   3125.00000       0.00000000       1000.00000               0           0         421
   3156.25000       0.00000000       1000.00000               0           0         422
   3187.50000       0.00000000       1000.00000               0           0         423
   3218.75000       0.00000000       1000.00000               0           0         424
   3250.00000       0.00000000       1000.00000               0           0         425
   3281.25000       0.00000000       1000.00000               0           0         426
   3312.50000       0.00000000       1000.00000               0           0         427
   3343.75000       0.00000000       1000.00000               0           0         428
   3375.00000       0.00000000       1000.00000               0           0         429
   3406.25000       0.00000000       1000.00000               0           0         430
   3437.50000       0.00000000       1000.00000               0           0         431
   3468.75000       0.00000000       1000.00000               0           0         432
   3500.00000       0.00000000       1000.00000               0           0         433
   3531.25000       0.00000000       1000.00000               0           0         434
   3562.50000       0.00000000       1000.00000               0           0         435
   3593.75000       0.00000000       1000.00000               0           0         436
   3625.00000       0.00000000       1000.00000               0           0         437
   3656.25000       0.00000000       1000.00000               0           0         438
   3687.50000       0.00000000       1000.00000               0           0         439
   3718.75000       0.00000000       1000.00000               0           0         440
   3750.00000       0.00000000       1000.00000               0           0         441
   3781.25000       0.00000000       1000.00000               0           0         442
   3812.50000       0.00000000       1000.00000               0           0         443
   3843.75000       0.00000000       1000.00000               0           0         444
   3875.00000       0.00000000       1000.00000               0           0         445
   3906.25000       0.00000000       1000.00000               0           0         446
   3937.50000       0.00000000       1000.00000               0           0         447
   3968.75000       0.00000000       1000.00000               0           0         448
   4000.00000       0.00000000       1000.00000               0           0         449
   4031.25000       0.00000000       1000.00000               0           0         450
   4062.50000       0.00000000       1000.00000               0           0         451
   4093.75000       0.00000000       1000.00000               0           0         452
   4125.00000       0.00000000       1000.00000               0           0         453
   4156.25000       0.00000000       1000.00000               0           0         454
   4187.50000       0.00000000       1000.00000               0           0         455
   4218.75000       0.00000000       1000.00000               0           0         456
   4250.00000       0.00000000       1000.00000               0           0         457
   4281.25000       0.00000000       1000.00000               0           0         458
   4312.50000       0.00000000       1000.00000               0           0         459
   4343.75000       0.00000000       1000.00000               0           0         460
   4375.00000       0.00000000       1000.00000               0           0         461
   4406.25000       0.00000000       1000.00000               0           0         462
   4437.50000       0.00000000       1000.00000               0           0         463
   4468.75000       0.00000000       1000.00000               0           0         464
   4500.00000       0.00000000       1000.00000               0           0         465
   4531.25000       0.00000000       1000.00000               0           0         466
   4562.50000       0.00000000       1000.00000               0           0         467
   4593.75000       0.00000000       1000.00000               0           0         468
   4625.00000       0.00000000       1000.00000               0           0         469
   4656.25000       0.00000000       1000.00000               0           0         470
   4687.50000       0.00000000       1000.00000               0           0         471
   4718.75000       0.00000000       1000.00000               0           0         472
   4750.00000       0.00000000       1000.00000               0           0         473
   4781.25000       0.00000000       1000.00000               0           0         474
   4812.50000       0.00000000       1000.00000               0           0         475
   4843.75000       0.00000000       1000.00000               0           0         476
   4875.00000       0.00000000       1000.00000               0           0         477
   4906.25000       0.00000000       1000.00000               0           0         478
   4937.50000       0.00000000       1000.00000               0           0         479
   4968.75000       0.00000000       1000.00000               0           0         480
   5000.00000       0.00000000       1000.00000               0           0         481
   5031.25000       0.00000000       1000.00000               0           0         482
   5062.50000       0.00000000       1000.00000               0           0         483
   5093.75000       0.00000000       1000.00000               0           0         484
   5125.00000       0.00000000       1000.00000               0           0         485
   5156.25000       0.00000000       1000.00000               0           0         486
   5187.50000       0.00000000       1000.00000               0           0         487
   5218.75000       0.00000000       1000.00000               0           0         488
   5250.00000       0.00000000       1000.00000               0           0         489
   5281.25000       0.00000000       1000.00000               0           0         490
   5312.50000       0.00000000       1000.00000               0           0         491
   5343.75000       0.00000000       1000.00000               0           0         492
   5375.00000       0.00000000       1000.00000               0           0         493
   5406.25000       0.00000000       1000.00000               0           0         494
   5437.50000       0.00000000       1000.00000               0           0         495
   5468.75000       0.00000000       1000.00000               0           0         496
   5500.00000       0.00000000       1000.00000               0           0         497
   5531.25000       0.00000000       1000.00000               0           0         498
   5562.50000       0.00000000       1000.00000               0           0         499
   5593.75000       0.00000000       1000.00000               0           0         500
   5625.00000       0.00000000       1000.00000               0           0         501
   5656.25000       0.00000000       1000.00000               0           0         502
   5687.50000       0.00000000       1000.00000               0           0         503
   5718.75000       0.00000000       1000.00000               0           0         504
   5750.00000       0.00000000       1000.00000               0           0         505
   5781.25000       0.00000000       1000.00000               0           0         506
   5812.50000       0.00000000       1000.00000               0           0         507
   5843.75000       0.00000000       1000.00000               0           0         508
   5875.00000       0.00000000       1000.00000               0           0         509
   5906.25000       0.00000000       1000.00000               0           0         510
   5937.50000       0.00000000       1000.00000               0           0         511
   5968.75000       0.00000000       1000.00000               0           0         512
   6000.00000       0.00000000       1000.00000               0           0         513
   6031.25000       0.00000000       1000.00000               0           0         514
   6062.50000       0.00000000       1000.00000               0           0         515
   6093.75000       0.00000000       1000.00000               0           0         516
   6125.00000       0.00000000       1000.00000               0           0         517
   6156.25000       0.00000000       1000.00000               0           0         518
   6187.50000       0.00000000       1000.00000               0           0         519
   6218.75000       0.00000000       1000.00000               0           0         520
   6250.00000       0.00000000       1000.00000               0           0         521
   6281.25000       0.00000000       1000.00000               0           0         522
   6312.50000       0.00000000       1000.00000               0           0         523
   6343.75000       0.00000000       1000.00000               0           0         524
   6375.00000       0.00000000       1000.00000               0           0         525
   6406.25000       0.00000000       1000.00000               0           0         526
   6437.50000       0.00000000       1000.00000               0           0         527
   6468.75000       0.00000000       1000.00000               0           0         528
   6500.00000       0.00000000       1000.00000               0           0         529
   6531.25000       0.00000000       1000.00000               0           0         530
   6562.50000       0.00000000       1000.00000               0           0         531
   6593.75000       0.00000000       1000.00000               0           0         532
   6625.00000       0.00000000       1000.00000               0           0         533
   6656.25000       0.00000000       1000.00000               0           0         534
   6687.50000       0.00000000       1000.00000               0           0         535
   6718.75000       0.00000000       1000.00000               0           0         536
   6750.00000       0.00000000       1000.00000               0           0         537
   6781.25000       0.00000000       1000.00000               0           0         538
   6812.50000       0.00000000       1000.00000               0           0         539
   6843.75000       0.00000000       1000.00000               0           0         540
   6875.00000       0.00000000       1000.00000               0           0         541
   6906.25000       0.00000000       1000.00000               0           0         542
   6937.50000       0.00000000       1000.00000               0           0         543
   6968.75000       0.00000000       1000.00000               0           0         544
   7000.00000       0.00000000       1000.00000               0           0         545
   7031.25000       0.00000000       1000.00000               0           0         546
   7062.50000       0.00000000       1000.00000               0           0         547
   7093.75000       0.00000000       1000.00000               0           0         548
   7125.00000       0.00000000       1000.00000               0           0         549
   7156.25000       0.00000000       1000.00000               0           0         550
   7187.50000       0.00000000       1000.00000               0           0         551
   7218.75000       0.00000000       1000.00000               0           0         552
   7250.00000       0.00000000       1000.00000               0           0         553
   7281.25000       0.00000000       1000.00000               0           0         554
   7312.50000       0.00000000       1000.00000               0           0         555
   7343.75000       0.00000000       1000.00000               0           0         556
   7375.00000       0.00000000       1000.00000               0           0         557
   7406.25000       0.00000000       1000.00000               0           0         558
   7437.50000       0.00000000       1000.00000               0           0         559
   7468.75000       0.00000000       1000.00000               0           0         560
   7500.00000       0.00000000       1000.00000               0           0         561
   7531.25000       0.00000000       1000.00000               0           0         562
   7562.50000       0.00000000       1000.00000               0           0         563
   7593.75000       0.00000000       1000.00000               0           0         564
   7625.00000       0.00000000       1000.00000               0           0         565
   7656.25000       0.00000000       1000.00000               0           0         566
   7687.50000       0.00000000       1000.00000               0           0         567
   7718.75000       0.00000000       1000.00000               0           0         568
   7750.00000       0.00000000       1000.00000               0           0         569
   7781.25000       0.00000000       1000.00000               0           0         570
   7812.50000       0.00000000       1000.00000               0           0         571
   7843.75000       0.00000000       1000.00000               0           0         572
   7875.00000       0.00000000       1000.00000               0           0         573
   7906.25000       0.00000000       1000.00000               0           0         574
   7937.50000       0.00000000       1000.00000               0           0         575
   7968.75000       0.00000000       1000.00000               0           0         576
   8000.00000       0.00000000       1000.00000               0           0         577
   8031.25000       0.00000000       1000.00000               0           0         578
   8062.50000       0.00000000       1000.00000               0           0         579
   8093.75000       0.00000000       1000.00000               0           0         580
   8125.00000       0.00000000       1000.00000               0           0         581
   8156.25000       0.00000000       1000.00000               0           0         582
   8187.50000       0.00000000       1000.00000               0           0         583
   8218.75000       0.00000000       1000.00000               0           0         584
   8250.00000       0.00000000       1000.00000               0           0         585
   8281.25000       0.00000000       1000.00000               0           0         586
   8312.50000       0.00000000       1000.00000               0           0         587
   8343.75000       0.00000000       1000.00000               0           0         588
   8375.00000       0.00000000       1000.00000               0           0         589
   8406.25000       0.00000000       1000.00000               0           0         590
   8437.50000       0.00000000       1000.00000               0           0         591
   8468.75000       0.00000000       1000.00000               0           0         592
   8500.00000       0.00000000       1000.00000               0           0         593
   8531.25000       0.00000000       1000.00000               0           0         594
   8562.50000       0.00000000       1000.00000               0           0         595
   8593.75000       0.00000000       1000.00000               0           0         596
   8625.00000       0.00000000       1000.00000               0           0         597
   8656.25000       0.00000000       1000.00000               0           0         598
   8687.50000       0.00000000       1000.00000               0           0         599
   8718.75000       0.00000000       1000.00000               0           0         600
   8750.00000       0.00000000       1000.00000               0           0         601
   8781.25000       0.00000000       1000.00000               0           0         602
   8812.50000       0.00000000       1000.00000               0           0         603
   8843.75000       0.00000000       1000.00000               0           0         604
   8875.00000       0.00000000       1000.00000               0           0         605
   8906.25000       0.00000000       1000.00000               0           0         606
   8937.50000       0.00000000       1000.00000               0           0         607
   8968.75000       0.00000000       1000.00000               0           0         608
   9000.00000       0.00000000       1000.00000               0           0         609
   9031.25000       0.00000000       1000.00000               0           0         610
   9062.50000       0.00000000       1000.00000               0           0         611
   9093.75000       0.00000000       1000.00000               0           0         612
   9125.00000       0.00000000       1000.00000               0           0         613
   9156.25000       0.00000000       1000.00000               0           0         614
   9187.50000       0.00000000       1000.00000               0           0         615
   9218.75000       0.00000000       1000.00000               0           0         616
   9250.00000       0.00000000       1000.00000               0           0         617
   9281.25000       0.00000000       1000.00000               0           0         618
   9312.50000       0.00000000       1000.00000               0           0         619
   9343.75000       0.00000000       1000.00000               0           0         620
   9375.00000       0.00000000       1000.00000               0           0         621
   9406.25000       0.00000000       1000.00000               0           0         622
   9437.50000       0.00000000       1000.00000               0           0         623
   9468.75000       0.00000000       1000.00000               0           0         624
   9500.00000       0.00000000       1000.00000               0           0         625
   9531.25000       0.00000000       1000.00000               0           0         626
   9562.50000       0.00000000       1000.00000               0           0         627
   9593.75000       0.00000000       1000.00000               0           0         628
   9625.00000       0.00000000       1000.00000               0           0         629
   9656.25000       0.00000000       1000.00000               0           0         630
   9687.50000       0.00000000       1000.00000               0           0         631
   9718.75000       0.00000000       1000.00000               0           0         632
   9750.00000       0.00000000       1000.00000               0           0         633
   9781.25000       0.00000000       1000.00000               0           0         634
   9812.50000       0.00000000       1000.00000               0           0         635
   9843.75000       0.00000000       1000.00000               0           0         636
   9875.00000       0.00000000       1000.00000               0           0         637
   9906.25000       0.00000000       1000.00000               0           0         638
   9937.50000       0.00000000       1000.00000               0           0         639
   9968.75000       0.00000000       1000.00000               0           0         640
   10000.0000       0.00000000       1000.00000               0           0         641
