------freq=0.25 Hz, tol=4.000000e-08--------
0 1.000000e+00
1 4.157717e-01
2 4.016184e-01
3 4.161742e-01
4 3.227819e-01
5 2.373400e-01
6 2.052393e-01
7 1.923367e-01
8 1.897083e-01
9 2.060955e-01
10 2.497324e-01
11 1.782575e-01
12 1.081046e-01
13 9.496732e-02
14 8.665463e-02
15 7.931928e-02
16 7.616173e-02
17 7.850042e-02
18 6.649232e-02
19 5.842528e-02
20 5.103787e-02
21 4.302931e-02
22 3.614796e-02
23 3.618611e-02
24 5.037926e-02
25 3.133952e-02
26 3.008845e-02
27 2.935258e-02
28 2.797388e-02
29 2.768294e-02
30 2.625058e-02
31 2.113084e-02
32 2.030027e-02
33 2.210989e-02
34 2.111392e-02
35 2.003086e-02
36 1.719579e-02
37 1.483879e-02
38 1.340816e-02
39 1.372908e-02
40 1.338218e-02
41 1.310914e-02
42 1.357980e-02
43 1.351863e-02
44 1.318327e-02
45 1.249217e-02
46 1.342975e-02
47 1.788481e-02
48 1.820147e-02
49 1.700854e-02
50 1.152759e-02
51 1.107926e-02
52 6.917619e-03
53 6.870921e-03
54 6.541164e-03
55 6.389058e-03
56 6.601382e-03
57 6.212009e-03
58 6.078859e-03
59 6.176179e-03
60 6.172153e-03
61 6.229868e-03
62 6.083143e-03
63 6.094029e-03
64 7.777213e-03
65 6.087487e-03
66 6.279293e-03
67 6.113371e-03
68 6.088805e-03
69 5.796964e-03
70 5.258762e-03
71 4.908876e-03
72 4.163577e-03
73 3.757138e-03
74 3.726425e-03
75 3.858984e-03
76 4.989759e-03
77 7.962252e-03
78 3.064806e-03
79 5.017309e-03
80 5.054405e-03
81 4.974743e-03
82 5.275740e-03
83 4.440358e-03
84 4.884018e-03
85 7.491880e-03
86 6.895282e-03
87 1.465532e-02
88 1.442711e-02
89 7.882069e-03
90 4.311762e-03
91 4.872656e-03
92 4.834952e-03
93 4.622837e-03
94 5.444800e-03
95 3.096281e-03
96 3.053489e-03
97 2.991168e-03
98 2.631247e-03
99 2.661388e-03
100 3.945916e-03
101 3.476070e-03
102 3.377711e-03
103 3.620014e-03
104 4.152990e-03
105 2.931538e-03
106 2.802396e-03
107 2.753809e-03
108 2.779087e-03
109 2.757541e-03
110 2.694938e-03
111 2.671414e-03
112 2.640848e-03
113 2.506674e-03
114 2.301447e-03
115 2.220469e-03
116 2.110035e-03
117 2.033735e-03
118 1.880533e-03
119 1.855661e-03
120 1.878137e-03
121 2.417308e-03
122 2.394699e-03
123 1.594994e-03
124 2.890160e-03
125 4.680084e-04
126 1.137314e-03
127 7.717923e-04
128 7.469120e-04
129 7.288888e-04
130 3.278000e-04
131 6.906865e-04
132 3.628474e-04
133 3.774750e-04
134 2.310289e-04
135 2.441254e-04
136 2.853767e-04
137 2.625435e-04
138 2.647353e-04
139 2.439438e-04
140 2.215206e-04
141 1.940557e-04
142 1.953991e-04
143 1.927790e-04
144 1.950324e-04
145 1.840316e-04
146 1.916488e-04
147 1.794159e-04
148 1.904114e-04
149 1.725865e-04
150 1.520300e-04
151 1.456733e-04
152 1.421905e-04
153 1.497688e-04
154 1.362731e-04
155 1.321016e-04
156 1.357816e-04
157 1.274632e-04
158 1.295352e-04
159 1.240405e-04
160 1.235967e-04
161 1.226300e-04
162 1.202409e-04
163 1.200033e-04
164 1.215594e-04
165 1.156862e-04
166 1.210312e-04
167 1.183965e-04
168 1.189010e-04
169 1.177603e-04
170 1.159357e-04
171 1.062089e-04
172 9.616968e-05
173 1.018791e-04
174 9.831191e-05
175 9.624207e-05
176 9.462666e-05
177 9.438442e-05
178 9.424087e-05
179 9.856604e-05
180 9.051106e-05
181 9.009530e-05
182 8.939639e-05
183 8.604037e-05
184 8.352097e-05
185 8.297448e-05
186 8.308559e-05
187 8.231077e-05
188 7.964863e-05
189 8.095279e-05
190 7.776223e-05
191 7.715972e-05
192 7.940818e-05
193 7.996485e-05
194 5.626566e-05
195 5.565692e-05
196 6.908966e-05
197 5.823346e-05
198 4.726636e-05
199 4.377623e-05
200 6.351310e-05
201 6.326144e-05
202 6.392878e-05
203 6.249640e-05
204 6.114868e-05
205 6.274251e-05
206 6.479782e-05
207 5.337880e-05
208 3.810123e-05
209 4.734550e-05
210 4.658342e-05
211 4.652020e-05
212 4.650395e-05
213 4.626928e-05
214 4.223810e-05
215 3.816268e-05
216 3.585803e-05
217 3.509983e-05
218 1.474246e-05
219 1.662629e-05
220 1.055418e-04
221 1.885433e-05
222 1.793900e-05
223 1.686640e-05
224 1.706674e-05
225 1.632742e-05
226 1.624812e-05
227 1.760237e-05
228 1.578593e-05
229 1.705499e-05
230 1.682921e-05
231 1.623148e-05
232 1.580036e-05
233 1.577767e-05
234 1.546633e-05
235 1.543977e-05
236 1.541048e-05
237 1.380979e-05
238 1.288714e-05
239 1.274031e-05
240 1.229712e-05
241 1.258873e-05
242 1.258406e-05
243 1.128072e-05
244 1.043807e-05
245 7.658150e-06
246 6.720507e-06
247 6.329253e-06
248 5.954531e-06
249 6.742222e-06
250 6.473932e-06
251 6.260439e-06
252 6.202036e-06
253 6.201545e-06
254 6.221865e-06
255 6.093064e-06
256 6.042426e-06
257 6.413031e-06
258 6.434665e-06
259 6.006844e-06
260 6.147545e-06
261 6.729417e-06
262 7.566559e-06
263 7.522907e-06
264 6.321095e-06
265 6.150107e-06
266 7.014538e-06
267 7.441391e-06
268 7.071008e-06
269 7.017323e-06
270 7.725385e-06
271 6.139443e-06
272 6.307574e-06
273 6.072344e-06
274 4.759629e-06
275 4.673526e-06
276 6.842492e-06
277 3.226526e-06
278 3.285759e-06
279 2.437821e-06
280 2.183015e-06
281 2.382487e-06
282 2.164688e-06
283 2.929361e-06
284 3.231523e-06
285 2.841742e-06
286 2.816850e-06
287 2.762497e-06
288 2.883013e-06
289 2.793818e-06
290 2.769401e-06
291 2.701630e-06
292 2.977031e-06
293 2.528345e-06
294 2.454555e-06
295 2.396910e-06
296 2.208503e-06
297 2.121636e-06
298 2.105255e-06
299 2.085417e-06
300 3.424065e-06
301 2.498868e-06
302 1.772871e-06
303 1.917514e-06
304 2.038556e-06
305 2.023286e-06
306 2.008999e-06
307 1.931322e-06
308 1.756748e-06
309 1.578901e-06
310 1.699470e-06
311 1.688078e-06
312 1.678352e-06
313 1.674266e-06
314 1.670427e-06
315 1.639388e-06
316 1.633574e-06
317 1.639497e-06
318 1.695008e-06
319 1.541207e-06
320 1.548151e-06
321 1.582970e-06
322 1.579854e-06
323 1.569326e-06
324 1.617975e-06
325 1.283646e-06
326 1.266894e-06
327 1.429404e-06
328 1.442527e-06
329 1.448051e-06
330 1.448002e-06
331 1.437816e-06
332 1.432263e-06
333 1.427411e-06
334 1.406316e-06
335 1.716302e-06
336 1.461401e-06
337 1.445630e-06
338 1.438649e-06
339 1.421779e-06
340 1.432337e-06
341 1.644081e-06
342 1.639936e-06
343 1.705641e-06
344 1.589748e-06
345 1.764421e-06
346 1.735150e-06
347 1.727809e-06
348 1.750642e-06
349 1.633411e-06
350 1.652682e-06
351 1.657997e-06
352 1.656221e-06
353 1.680220e-06
354 1.686615e-06
355 1.673268e-06
356 1.628356e-06
357 1.567123e-06
358 1.537194e-06
359 1.756294e-06
360 1.686631e-06
361 2.398066e-06
362 1.209767e-06
363 1.546826e-06
364 1.374208e-06
365 1.334001e-06
366 1.120360e-06
367 1.165485e-06
368 1.354454e-06
369 1.649418e-06
370 2.389207e-06
371 2.748988e-06
372 2.629883e-06
373 2.769468e-06
374 2.626004e-06
375 2.621005e-06
376 1.753833e-06
377 3.835831e-06
378 3.820095e-06
379 1.783789e-06
380 9.861690e-07
381 7.946619e-07
382 1.071883e-06
383 7.316003e-07
384 7.422258e-07
385 7.601295e-07
386 8.316175e-07
387 8.220624e-07
388 9.428311e-07
389 9.092049e-07
390 9.341558e-07
391 9.033133e-07
392 8.970901e-07
393 9.366761e-07
394 9.577628e-07
395 9.272332e-07
396 8.575747e-07
397 7.919936e-07
398 7.951949e-07
399 7.221086e-07
400 1.038233e-06
401 7.116344e-07
402 5.956341e-07
403 2.406145e-06
404 1.598615e-06
405 1.818986e-06
406 1.639578e-06
407 1.619970e-06
408 1.511300e-06
409 1.626789e-06
410 1.600010e-06
411 1.185873e-06
412 1.634506e-06
413 1.632742e-06
414 1.627229e-06
415 1.794637e-06
416 2.350124e-06
417 2.298581e-06
418 2.197864e-06
419 1.981244e-06
420 2.034812e-06
421 2.159458e-06
422 1.924047e-06
423 1.939086e-06
424 1.966373e-06
425 1.917647e-06
426 1.871150e-06
427 1.738531e-06
428 1.765472e-06
429 1.756347e-06
430 1.711891e-06
431 1.701230e-06
432 2.131375e-06
433 2.041978e-06
434 1.183074e-06
435 1.143961e-06
436 1.242828e-06
437 1.383494e-06
438 1.454407e-06
439 1.462260e-06
440 1.457380e-06
441 1.441308e-06
442 1.444179e-06
443 1.410119e-06
444 1.395885e-06
445 1.394462e-06
446 1.386567e-06
447 1.381214e-06
448 1.368292e-06
449 1.364452e-06
450 1.363600e-06
451 1.365650e-06
452 1.354659e-06
453 1.357912e-06
454 1.354547e-06
455 1.355106e-06
456 1.348269e-06
457 1.369366e-06
458 1.266101e-06
459 1.296736e-06
460 1.287309e-06
461 1.269173e-06
462 1.166659e-06
463 1.117441e-06
464 1.386617e-06
465 1.477288e-06
466 1.582089e-06
467 1.572515e-06
468 2.265846e-06
469 2.926935e-06
470 2.710272e-06
471 1.127090e-06
472 1.121201e-06
473 1.225542e-06
474 1.087306e-06
475 4.900277e-07
476 7.681555e-07
477 7.963485e-07
478 7.780851e-07
479 7.088802e-07
480 6.836688e-07
481 6.754187e-07
482 6.776911e-07
483 7.191232e-07
484 3.187383e-06
485 5.010055e-07
486 4.628799e-07
487 4.788778e-07
488 1.960501e-06
489 4.122765e-07
490 4.233855e-07
491 4.270075e-07
492 4.461037e-07
493 6.466494e-07
494 1.227837e-06
495 4.062290e-06
496 3.432077e-06
497 2.256868e-06
498 4.169265e-06
499 3.957461e-06
500 1.410506e-06
501 7.292900e-07
502 5.758827e-07
503 7.501684e-07
504 7.865103e-07
505 7.852144e-07
506 8.577755e-07
507 1.040007e-06
508 1.030024e-06
509 1.017958e-06
510 8.973514e-07
511 7.679297e-07
512 7.570708e-07
513 7.035280e-07
514 7.325308e-07
515 7.727739e-07
516 7.723924e-07
517 8.010158e-07
518 8.425077e-07
519 7.161556e-07
520 8.795139e-07
521 8.648780e-07
522 8.535506e-07
523 8.482257e-07
524 8.461077e-07
525 8.440154e-07
526 8.392822e-07
527 8.359221e-07
528 8.363567e-07
529 8.317368e-07
530 8.256302e-07
531 8.212076e-07
532 8.074935e-07
533 7.897002e-07
534 8.016958e-07
535 7.988873e-07
536 7.970223e-07
537 7.943550e-07
538 7.841020e-07
539 7.751666e-07
540 7.789020e-07
541 7.926947e-07
542 8.109170e-07
543 7.789396e-07
544 7.660447e-07
545 7.638294e-07
546 7.737844e-07
547 7.561909e-07
548 7.422810e-07
549 7.411877e-07
550 7.391370e-07
551 7.412760e-07
552 7.249074e-07
553 7.089845e-07
554 7.123733e-07
555 7.091703e-07
556 7.345185e-07
557 7.808030e-07
558 7.786935e-07
559 7.650871e-07
560 7.708685e-07
561 6.723726e-07
562 7.220960e-07
563 6.865346e-07
564 7.013248e-07
565 4.845109e-07
566 6.078908e-07
567 5.874126e-07
568 5.760236e-07
569 5.792378e-07
570 5.771556e-07
571 5.768410e-07
572 5.725233e-07
573 5.773931e-07
574 5.756616e-07
575 5.717380e-07
576 5.701104e-07
577 5.633015e-07
578 5.597832e-07
579 5.560255e-07
580 5.490006e-07
581 5.493434e-07
582 5.488090e-07
583 5.459851e-07
584 5.552466e-07
585 5.464823e-07
586 5.415608e-07
587 5.382696e-07
588 5.369958e-07
589 5.385707e-07
590 4.957650e-07
591 5.441811e-07
592 5.473602e-07
593 5.402912e-07
594 5.389363e-07
595 5.346451e-07
596 5.366588e-07
597 5.340868e-07
598 5.334393e-07
599 5.315229e-07
600 5.303868e-07
601 5.365697e-07
602 5.354131e-07
603 5.523616e-07
604 6.152675e-07
605 5.176374e-07
606 4.985142e-07
607 4.924347e-07
608 4.895636e-07
609 4.868128e-07
610 4.757925e-07
611 4.752050e-07
612 4.706844e-07
613 4.628833e-07
614 4.665422e-07
615 4.538690e-07
616 4.459676e-07
617 4.496763e-07
618 4.507774e-07
619 4.518437e-07
620 4.502841e-07
621 4.483682e-07
622 4.562633e-07
623 4.583795e-07
624 4.760464e-07
625 4.699910e-07
626 4.563344e-07
627 4.692601e-07
628 4.903169e-07
629 5.418830e-07
630 4.798205e-07
631 4.949405e-07
632 4.874355e-07
633 4.887146e-07
634 4.859974e-07
635 4.739909e-07
636 4.756053e-07
637 4.834592e-07
638 4.725905e-07
639 4.699864e-07
640 4.665803e-07
641 4.439158e-07
642 4.579922e-07
643 4.737425e-07
644 4.298454e-07
645 4.402687e-07
646 3.424932e-07
647 4.283511e-07
648 4.273696e-07
649 5.008379e-07
650 4.724951e-07
651 4.710596e-07
652 6.008674e-07
653 6.963524e-07
654 6.265624e-07
655 7.306440e-07
656 7.463060e-07
657 6.743456e-07
658 1.498693e-06
659 1.424156e-06
660 1.906331e-06
661 1.111605e-06
662 1.067653e-06
663 1.227158e-06
664 2.458712e-06
665 9.167964e-07
666 8.948889e-07
667 8.479847e-07
668 8.437125e-07
669 8.289845e-07
670 8.469484e-07
671 9.036039e-07
672 1.347037e-06
673 7.637899e-07
674 9.896998e-07
675 6.192129e-07
676 1.610767e-06
677 1.975925e-06
678 5.763525e-07
679 4.827132e-07
680 5.032817e-07
681 3.801233e-07
682 3.770633e-07
683 3.610299e-07
684 2.221623e-07
685 2.330936e-07
686 2.230303e-07
687 2.141029e-07
688 2.117922e-07
689 2.165534e-07
690 2.024615e-07
691 2.024338e-07
692 1.981352e-07
693 2.097238e-07
694 2.234124e-07
695 2.135626e-07
696 2.112005e-07
697 2.140415e-07
698 2.113968e-07
699 2.125237e-07
700 2.119435e-07
701 2.141665e-07
702 2.155142e-07
703 2.212358e-07
704 2.117446e-07
705 2.059244e-07
706 2.098097e-07
707 2.044046e-07
708 2.046335e-07
709 1.927290e-07
710 2.243272e-07
711 2.401736e-07
712 2.145742e-07
713 2.276722e-07
714 2.179013e-07
715 2.149221e-07
716 2.708608e-07
717 2.303256e-07
718 3.026169e-07
719 2.176615e-07
720 2.247456e-07
721 2.877980e-07
722 2.177310e-07
723 2.079443e-07
724 2.110468e-07
725 2.242018e-07
726 2.145496e-07
727 2.144159e-07
728 2.140482e-07
729 2.140122e-07
730 2.142232e-07
731 2.123320e-07
732 2.121395e-07
733 2.088412e-07
734 2.065928e-07
735 2.064007e-07
736 2.041209e-07
737 2.476911e-07
738 2.052422e-07
739 2.060760e-07
740 2.092650e-07
741 2.101276e-07
742 2.111564e-07
743 2.102447e-07
744 2.097564e-07
745 2.090979e-07
746 2.115956e-07
747 2.042271e-07
748 2.096651e-07
749 2.050546e-07
750 2.041962e-07
751 2.041776e-07
752 2.019796e-07
753 2.016346e-07
754 2.013673e-07
755 2.030384e-07
756 1.991702e-07
757 1.977745e-07
758 1.949339e-07
759 1.936760e-07
760 1.950641e-07
761 1.954091e-07
762 1.936464e-07
763 1.891897e-07
764 1.905422e-07
765 1.909760e-07
766 1.900963e-07
767 1.888983e-07
768 1.874962e-07
769 1.846735e-07
770 1.850358e-07
771 1.826166e-07
772 1.810043e-07
773 1.803789e-07
774 1.797396e-07
775 1.814129e-07
776 1.793344e-07
777 1.788684e-07
778 1.790446e-07
779 1.783091e-07
780 1.775102e-07
781 1.789350e-07
782 1.764990e-07
783 1.935441e-07
784 1.926153e-07
785 1.953502e-07
786 1.928825e-07
787 1.913428e-07
788 1.905623e-07
789 1.894037e-07
790 1.892189e-07
791 1.889914e-07
792 1.889042e-07
793 1.883197e-07
794 1.879232e-07
795 1.872365e-07
796 1.875998e-07
797 1.868026e-07
798 1.906078e-07
799 1.855889e-07
800 1.851998e-07
801 1.851013e-07
802 1.846156e-07
803 1.846642e-07
804 1.824975e-07
805 1.841326e-07
806 1.695431e-07
807 1.875580e-07
808 1.833161e-07
809 1.904295e-07
810 1.874692e-07
811 1.874775e-07
812 1.866187e-07
813 1.928822e-07
814 1.869436e-07
815 1.842172e-07
816 1.828239e-07
817 1.791387e-07
818 1.860082e-07
819 2.013834e-07
820 2.595912e-07
821 2.326161e-07
822 1.652117e-07
823 1.571964e-07
824 1.551976e-07
825 1.491013e-07
826 1.534031e-07
827 1.580089e-07
828 1.399763e-07
829 1.397035e-07
830 1.415530e-07
831 1.405256e-07
832 1.402822e-07
833 1.377427e-07
834 1.321640e-07
835 1.368159e-07
836 1.382931e-07
837 1.361490e-07
838 1.354835e-07
839 1.356274e-07
840 1.347960e-07
841 1.323274e-07
842 1.331261e-07
843 1.334119e-07
844 1.330800e-07
845 1.302277e-07
846 1.295313e-07
847 1.292305e-07
848 1.314172e-07
849 1.318176e-07
850 1.311046e-07
851 1.323811e-07
852 1.289671e-07
853 1.278751e-07
854 1.284452e-07
855 1.257181e-07
856 1.300207e-07
857 1.289692e-07
858 1.289103e-07
859 1.284765e-07
860 1.283817e-07
861 1.291132e-07
862 1.267806e-07
863 1.306785e-07
864 1.268633e-07
865 1.254013e-07
866 1.245873e-07
867 1.227709e-07
868 1.286185e-07
869 1.230877e-07
870 1.187329e-07
871 1.186217e-07
872 1.184557e-07
873 1.184769e-07
874 1.193001e-07
875 1.156358e-07
876 1.169994e-07
877 1.119829e-07
878 1.240842e-07
879 1.154935e-07
880 1.211376e-07
881 1.300829e-07
882 1.294696e-07
883 1.121509e-07
884 1.115750e-07
885 1.113036e-07
886 1.110802e-07
887 1.109559e-07
888 1.109173e-07
889 1.108701e-07
890 1.109985e-07
891 1.105564e-07
892 1.104438e-07
893 1.103679e-07
894 1.103832e-07
895 1.103033e-07
896 1.102140e-07
897 1.121209e-07
898 1.103588e-07
899 1.105827e-07
900 1.097755e-07
901 1.097334e-07
902 1.097103e-07
903 1.095667e-07
904 1.095364e-07
905 1.095001e-07
906 1.094210e-07
907 1.094356e-07
908 1.091281e-07
909 1.094421e-07
910 1.091536e-07
911 1.091096e-07
912 1.090454e-07
913 1.090478e-07
914 1.086102e-07
915 1.082885e-07
916 1.081254e-07
917 1.080469e-07
918 1.080436e-07
919 1.078540e-07
920 1.076892e-07
921 1.077598e-07
922 1.077116e-07
923 1.077159e-07
924 1.077051e-07
925 1.074231e-07
926 1.074266e-07
927 1.074456e-07
928 1.072756e-07
929 1.077377e-07
930 1.074527e-07
931 1.074852e-07
932 1.082447e-07
933 1.114693e-07
934 1.072257e-07
935 1.067353e-07
936 1.066848e-07
937 1.059291e-07
938 1.038380e-07
939 1.059948e-07
940 1.059276e-07
941 1.058273e-07
942 1.056691e-07
943 1.054696e-07
944 1.054746e-07
945 1.052957e-07
946 1.050269e-07
947 1.048595e-07
948 1.048386e-07
949 1.035085e-07
950 1.049902e-07
951 1.036595e-07
952 1.042465e-07
953 9.079508e-08
954 1.067948e-07
955 1.041751e-07
956 1.041382e-07
957 1.040022e-07
958 1.042873e-07
959 1.044934e-07
960 1.043443e-07
961 1.052103e-07
962 1.041815e-07
963 1.014667e-07
964 1.055834e-07
965 1.068925e-07
966 1.062837e-07
967 1.088811e-07
968 1.074722e-07
969 1.075324e-07
970 1.074644e-07
971 1.067816e-07
972 1.064260e-07
973 1.063369e-07
974 1.062913e-07
975 1.063882e-07
976 1.068121e-07
977 1.070493e-07
978 1.070785e-07
979 1.070699e-07
980 1.071522e-07
981 1.078886e-07
982 1.081718e-07
983 1.083550e-07
984 1.073710e-07
985 1.097536e-07
986 1.086157e-07
987 1.085962e-07
988 1.088363e-07
989 1.101107e-07
990 1.092202e-07
991 1.088776e-07
992 1.089253e-07
993 1.089393e-07
994 1.089420e-07
995 1.091003e-07
996 1.101886e-07
997 1.099503e-07
998 1.098867e-07
999 1.097215e-07
1000 1.104817e-07
1001 1.107784e-07
1002 1.083338e-07
1003 1.082211e-07
1004 1.068453e-07
1005 1.063031e-07
1006 1.065506e-07
1007 1.066392e-07
1008 1.069157e-07
1009 1.070606e-07
1010 1.068144e-07
1011 1.067852e-07
1012 1.062045e-07
1013 1.055640e-07
1014 1.053858e-07
1015 1.059817e-07
1016 1.059525e-07
1017 1.047381e-07
1018 1.053976e-07
1019 9.912595e-08
1020 1.096422e-07
1021 1.093999e-07
1022 1.121134e-07
1023 1.127797e-07
1024 1.116644e-07
1025 1.117073e-07
1026 1.062940e-07
1027 1.006196e-07
1028 9.752873e-08
1029 9.701563e-08
1030 9.807246e-08
1031 9.326090e-08
1032 8.885422e-08
1033 8.827682e-08
1034 8.601905e-08
1035 8.447803e-08
1036 1.259932e-07
1037 1.297997e-07
1038 1.268024e-07
1039 1.381018e-07
1040 1.120149e-07
1041 1.017941e-07
1042 1.005776e-07
1043 1.081367e-07
1044 1.049150e-07
1045 1.148378e-07
1046 1.149147e-07
1047 1.138869e-07
1048 1.104312e-07
1049 1.029352e-07
1050 1.026037e-07
1051 1.038912e-07
1052 9.914245e-08
1053 1.074749e-07
1054 1.120084e-07
1055 1.085261e-07
1056 1.090427e-07
1057 1.025359e-07
1058 1.040108e-07
1059 1.003621e-07
1060 1.028267e-07
1061 1.085806e-07
1062 1.260091e-07
1063 1.578755e-07
1064 1.504560e-07
1065 1.027906e-07
1066 1.261010e-07
1067 1.149868e-07
1068 9.972463e-08
1069 1.085627e-07
1070 1.116876e-07
1071 7.504596e-08
1072 7.115920e-08
1073 8.364626e-08
1074 7.557592e-08
1075 7.531504e-08
1076 7.502086e-08
1077 7.487399e-08
1078 9.577181e-08
1079 7.200395e-08
1080 1.221631e-07
1081 1.579852e-07
1082 1.462265e-07
1083 1.954384e-07
1084 1.155482e-07
1085 1.181383e-07
1086 1.160561e-07
1087 1.187493e-07
1088 1.061289e-07
1089 1.098886e-07
1090 1.015750e-07
1091 1.033780e-07
1092 1.021676e-07
1093 1.017352e-07
1094 9.840211e-08
1095 9.783631e-08
1096 9.780283e-08
1097 9.783763e-08
1098 9.749873e-08
1099 9.704257e-08
1100 9.652748e-08
1101 2.897591e-07
1102 9.639900e-08
1103 1.075535e-07
1104 9.755249e-08
1105 9.581652e-08
1106 1.211009e-07
1107 1.134670e-07
1108 1.131465e-07
1109 1.130126e-07
1110 1.163057e-07
1111 1.257681e-07
1112 1.287183e-07
1113 1.346926e-07
1114 1.347272e-07
1115 1.441751e-07
1116 1.387537e-07
1117 1.620682e-07
1118 1.697716e-07
1119 1.312601e-07
1120 1.006697e-07
1121 1.075007e-07
1122 1.053839e-07
1123 1.719816e-07
1124 1.880614e-07
1125 9.160034e-08
1126 9.135000e-08
1127 6.771605e-08
1128 7.120882e-08
1129 7.089630e-08
1130 7.113860e-08
1131 7.492358e-08
1132 7.334118e-08
1133 7.540456e-08
1134 7.497345e-08
1135 7.614229e-08
1136 7.622238e-08
1137 7.616054e-08
1138 7.612328e-08
1139 7.625856e-08
1140 7.614281e-08
1141 7.613759e-08
1142 7.632267e-08
1143 7.613816e-08
1144 7.913105e-08
1145 7.410694e-08
1146 7.593802e-08
1147 7.148981e-08
1148 7.165288e-08
1149 7.158448e-08
1150 7.214394e-08
1151 7.245141e-08
1152 7.173275e-08
1153 7.244939e-08
1154 7.412789e-08
1155 7.421502e-08
1156 7.415235e-08
1157 7.385994e-08
1158 7.382661e-08
1159 7.381224e-08
1160 7.364483e-08
1161 7.350413e-08
1162 7.351419e-08
1163 7.231131e-08
1164 7.279753e-08
1165 7.231831e-08
1166 7.513552e-08
1167 7.482411e-08
1168 7.309420e-08
1169 7.268739e-08
1170 7.164428e-08
1171 7.158376e-08
1172 7.246295e-08
1173 7.227034e-08
1174 7.204855e-08
1175 7.129447e-08
1176 7.219735e-08
1177 7.222961e-08
1178 7.264151e-08
1179 7.242817e-08
1180 7.220510e-08
1181 7.206985e-08
1182 7.171467e-08
1183 7.154250e-08
1184 7.180487e-08
1185 7.179220e-08
1186 7.164263e-08
1187 7.171995e-08
1188 7.161374e-08
1189 7.159961e-08
1190 7.158188e-08
1191 7.143133e-08
1192 7.162566e-08
1193 7.152004e-08
1194 7.117364e-08
1195 7.116067e-08
1196 6.961056e-08
1197 7.095345e-08
1198 7.202739e-08
1199 7.256621e-08
1200 7.970277e-08
1201 1.189011e-07
1202 7.076521e-08
1203 6.990970e-08
1204 6.988750e-08
1205 6.998493e-08
1206 7.024219e-08
1207 7.145581e-08
1208 7.101977e-08
1209 6.957840e-08
1210 7.241581e-08
1211 7.234028e-08
1212 7.026025e-08
1213 7.022380e-08
1214 6.996574e-08
1215 7.004884e-08
1216 7.006779e-08
1217 7.007848e-08
1218 7.033741e-08
1219 7.111634e-08
1220 7.128888e-08
1221 7.129970e-08
1222 7.129352e-08
1223 7.124744e-08
1224 7.102549e-08
1225 7.067024e-08
1226 7.060983e-08
1227 7.052234e-08
1228 7.043732e-08
1229 7.017990e-08
1230 7.033245e-08
1231 7.028154e-08
1232 7.045181e-08
1233 7.043436e-08
1234 7.042815e-08
1235 7.048022e-08
1236 7.049703e-08
1237 7.051944e-08
1238 7.031884e-08
1239 7.018630e-08
1240 7.018548e-08
1241 7.017874e-08
1242 7.026104e-08
1243 7.008199e-08
1244 6.995564e-08
1245 7.008987e-08
1246 6.946632e-08
1247 6.967440e-08
1248 6.966094e-08
1249 6.961157e-08
1250 6.957813e-08
1251 6.976730e-08
1252 6.858649e-08
1253 6.867534e-08
1254 6.889619e-08
1255 6.846031e-08
1256 6.857693e-08
1257 6.916848e-08
1258 6.906254e-08
1259 6.905478e-08
1260 6.906352e-08
1261 6.923318e-08
1262 6.921907e-08
1263 6.948509e-08
1264 6.873616e-08
1265 6.889550e-08
1266 7.723280e-08
1267 7.770019e-08
1268 9.062954e-08
1269 6.253708e-08
1270 6.221421e-08
1271 8.230633e-08
1272 8.248800e-08
1273 1.006826e-07
1274 6.384584e-08
1275 6.944124e-08
1276 5.183324e-08
1277 6.975096e-08
1278 7.185405e-08
1279 7.544762e-08
1280 8.258132e-08
1281 8.041964e-08
1282 7.761719e-08
1283 7.748692e-08
1284 7.628503e-08
1285 7.624546e-08
1286 7.618091e-08
1287 7.588333e-08
1288 7.895330e-08
1289 7.870365e-08
1290 7.552838e-08
1291 7.528740e-08
1292 7.555226e-08
1293 7.536092e-08
1294 7.569234e-08
1295 7.343729e-08
1296 7.453147e-08
1297 7.558173e-08
1298 7.338784e-08
1299 7.230205e-08
1300 7.213461e-08
1301 7.242358e-08
1302 7.121269e-08
1303 7.039647e-08
1304 6.958059e-08
1305 6.680062e-08
1306 6.616949e-08
1307 6.332757e-08
1308 6.262295e-08
1309 6.248212e-08
1310 6.120316e-08
1311 6.023895e-08
1312 6.196263e-08
1313 6.122461e-08
1314 6.146029e-08
1315 6.111407e-08
1316 6.148968e-08
1317 6.176093e-08
1318 6.434321e-08
1319 6.212159e-08
1320 6.176983e-08
1321 6.197448e-08
1322 6.221828e-08
1323 6.213565e-08
1324 6.128098e-08
1325 6.456220e-08
1326 6.411390e-08
1327 6.391603e-08
1328 6.397703e-08
1329 6.455159e-08
1330 6.437360e-08
1331 6.436437e-08
1332 6.434293e-08
1333 6.439913e-08
1334 6.382271e-08
1335 6.280441e-08
1336 6.261131e-08
1337 6.273433e-08
1338 6.268303e-08
1339 6.267459e-08
1340 6.263939e-08
1341 6.319893e-08
1342 6.252860e-08
1343 6.240299e-08
1344 6.243339e-08
1345 6.220491e-08
1346 6.221788e-08
1347 6.226965e-08
1348 6.236180e-08
1349 6.209807e-08
1350 6.158713e-08
1351 6.121809e-08
1352 6.083535e-08
1353 6.114051e-08
1354 6.100906e-08
1355 6.096689e-08
1356 6.098685e-08
1357 6.109423e-08
1358 6.107941e-08
1359 6.107832e-08
1360 6.105160e-08
1361 6.104179e-08
1362 6.126483e-08
1363 6.122276e-08
1364 6.115327e-08
1365 6.118728e-08
1366 6.119410e-08
1367 6.110009e-08
1368 6.104372e-08
1369 6.122682e-08
1370 6.298104e-08
1371 6.241904e-08
1372 6.240295e-08
1373 6.184077e-08
1374 6.202579e-08
1375 6.211088e-08
1376 6.207077e-08
1377 6.193602e-08
1378 6.130572e-08
1379 6.112687e-08
1380 6.193523e-08
1381 6.415580e-08
1382 5.718124e-08
1383 5.935303e-08
1384 5.882708e-08
1385 5.856644e-08
1386 5.838015e-08
1387 6.099586e-08
1388 5.954064e-08
1389 5.998580e-08
1390 6.289104e-08
1391 6.097406e-08
1392 6.101796e-08
1393 6.088740e-08
1394 6.107532e-08
1395 6.065153e-08
1396 6.060184e-08
1397 6.061056e-08
1398 6.050897e-08
1399 6.057558e-08
1400 5.883058e-08
1401 6.146938e-08
1402 6.024787e-08
1403 6.025979e-08
1404 6.022669e-08
1405 6.023759e-08
1406 6.021984e-08
1407 6.020542e-08
1408 6.012376e-08
1409 6.013395e-08
1410 6.011145e-08
1411 5.981788e-08
1412 5.984991e-08
1413 5.972753e-08
1414 5.943554e-08
1415 5.999836e-08
1416 6.010088e-08
1417 5.939241e-08
1418 6.051310e-08
1419 6.050446e-08
1420 5.912428e-08
1421 5.871665e-08
1422 6.143863e-08
1423 6.125099e-08
1424 8.609027e-08
1425 5.212561e-08
1426 5.434457e-08
1427 5.484204e-08
1428 5.390563e-08
1429 5.382453e-08
1430 5.387184e-08
1431 5.385235e-08
1432 5.374809e-08
1433 5.707037e-08
1434 5.719042e-08
1435 5.641066e-08
1436 5.617045e-08
1437 5.608972e-08
1438 5.625020e-08
1439 5.625085e-08
1440 5.606300e-08
1441 5.602371e-08
1442 5.603056e-08
1443 5.586608e-08
1444 5.564053e-08
1445 5.605251e-08
1446 5.611170e-08
1447 5.702590e-08
1448 5.828171e-08
1449 5.840261e-08
1450 5.826145e-08
1451 7.025991e-08
1452 6.895995e-08
1048 1.104312e-07
1453 6.163893e-08
1454 4.410747e-08
1455 6.673246e-08
1456 6.734268e-08
1457 6.727757e-08
1458 7.578134e-08
1459 5.344415e-08
1460 6.371076e-08
1461 6.412563e-08
1462 6.371405e-08
1463 5.969282e-08
1464 4.935298e-08
1465 5.114927e-08
1466 4.981749e-08
1467 4.998441e-08
1468 5.028028e-08
1469 5.015224e-08
1470 4.965836e-08
1471 5.006348e-08
1472 4.928594e-08
1473 4.952290e-08
1474 4.952566e-08
1475 4.749598e-08
1476 4.802847e-08
1477 4.797921e-08
1478 4.788232e-08
1479 4.787001e-08
1480 4.745751e-08
1481 4.705235e-08
1482 4.845500e-08
1483 4.850209e-08
1484 4.854359e-08
1485 4.876319e-08
1486 4.814716e-08
1487 4.809191e-08
1488 4.725989e-08
1489 4.500500e-08
1490 4.519755e-08
1491 4.563975e-08
1492 4.551193e-08
1493 4.644931e-08
1494 4.548814e-08
1495 4.553135e-08
1496 4.674437e-08
1497 4.641873e-08
1498 4.633863e-08
1499 4.632667e-08
