------freq=1 Hz, tol=1.000000e-08--------
0 1.000000e+00
1 4.140922e-01
2 3.811186e-01
3 2.559281e-01
4 1.736004e-01
5 1.469829e-01
6 1.847100e-01
7 1.878776e-01
8 9.110534e-02
9 1.163182e-01
10 4.436338e-02
11 3.965854e-02
12 4.987544e-02
13 2.454976e-02
14 2.791412e-02
15 2.681207e-02
16 2.824711e-02
17 1.731737e-02
18 1.561000e-02
19 1.427343e-02
20 1.350476e-02
21 1.288146e-02
22 9.355163e-03
23 6.121668e-03
24 5.414861e-03
25 4.889648e-03
26 5.105352e-03
27 4.870102e-03
28 4.564297e-03
29 4.552252e-03
30 3.665240e-03
31 3.428021e-03
32 2.767592e-03
33 2.416642e-03
34 3.137963e-03
35 2.574443e-03
36 1.428409e-03
37 1.423332e-03
38 1.606433e-03
39 1.145902e-03
40 2.066667e-03
41 2.576922e-03
42 2.521679e-03
43 1.770031e-03
44 1.388488e-03
45 1.228014e-03
46 1.008703e-03
47 6.201912e-04
48 3.154570e-04
49 2.768204e-04
50 2.414272e-04
51 2.267704e-04
52 1.794915e-04
53 1.711506e-04
54 1.710729e-04
55 1.501388e-04
56 1.372361e-04
57 1.365488e-04
58 1.329447e-04
59 1.278750e-04
60 1.234882e-04
61 1.136062e-04
62 1.116901e-04
63 7.599207e-05
64 1.077680e-04
65 1.859472e-04
66 7.875727e-05
67 5.864967e-05
68 5.834623e-05
69 5.582647e-05
70 5.058640e-05
71 4.664055e-05
72 4.146242e-05
73 4.042714e-05
74 4.003354e-05
75 3.936829e-05
76 3.883380e-05
77 3.737470e-05
78 5.295377e-05
79 4.026995e-05
80 5.992207e-05
81 2.092505e-05
82 9.175488e-06
83 1.233105e-05
84 1.722635e-05
85 1.498056e-05
86 1.340165e-05
87 1.208351e-05
88 1.251781e-05
89 1.211076e-05
90 1.155635e-05
91 1.151939e-05
92 1.102904e-05
93 9.091502e-06
94 8.985261e-06
95 8.234416e-06
96 7.264557e-06
97 6.559234e-06
98 1.108349e-05
99 1.242424e-05
100 1.186432e-05
101 1.125713e-05
102 1.048501e-05
103 1.038247e-05
104 1.571754e-05
105 8.027296e-06
106 7.645682e-06
107 4.346344e-06
108 3.838483e-06
109 6.371476e-06
110 6.624384e-06
111 2.185835e-06
112 2.122076e-06
113 2.210053e-06
114 1.695443e-06
115 1.345547e-06
116 1.345870e-06
117 1.318305e-06
118 1.229012e-06
119 1.196797e-06
120 1.206802e-06
121 1.150757e-06
122 8.682218e-07
123 8.543435e-07
124 7.025473e-07
125 6.358883e-07
126 6.793512e-07
127 6.761379e-07
128 6.450746e-07
129 6.210464e-07
130 6.097649e-07
131 6.308982e-07
132 6.147230e-07
133 4.934195e-07
134 5.264214e-07
135 5.164450e-07
136 5.001083e-07
137 3.936415e-07
138 3.814012e-07
139 3.663449e-07
140 3.219604e-07
141 3.424516e-07
142 3.262859e-07
143 3.249209e-07
144 4.222177e-07
145 4.138631e-07
146 4.374308e-07
147 3.021748e-07
148 3.581387e-07
149 3.488518e-07
150 3.462239e-07
151 3.423248e-07
152 3.219814e-07
153 3.155183e-07
154 3.126126e-07
155 3.078895e-07
156 3.063956e-07
157 3.081888e-07
158 2.912988e-07
159 2.828706e-07
160 2.931071e-07
161 2.465441e-07
162 2.912396e-07
163 1.580552e-07
164 2.315904e-07
165 2.048177e-07
166 1.694220e-07
167 1.619013e-07
168 1.586339e-07
169 1.380914e-07
170 1.506112e-07
171 1.490463e-07
172 1.490977e-07
173 1.519128e-07
174 1.510048e-07
175 1.490973e-07
176 1.469334e-07
177 1.448096e-07
178 1.426834e-07
179 1.414414e-07
180 1.402992e-07
181 1.570974e-07
182 1.460984e-07
183 1.727785e-07
184 1.191169e-07
185 1.170964e-07
186 1.098327e-07
187 1.083196e-07
188 1.083002e-07
189 1.078480e-07
190 1.077100e-07
191 1.075137e-07
192 1.073197e-07
193 1.077974e-07
194 1.085903e-07
195 1.071868e-07
196 1.052273e-07
197 1.053541e-07
198 1.034167e-07
199 1.030859e-07
200 1.074581e-07
201 1.043325e-07
202 1.043392e-07
203 1.044159e-07
204 1.035446e-07
205 1.127517e-07
206 1.081717e-07
207 1.060989e-07
208 1.004184e-07
209 9.824807e-08
210 9.749973e-08
211 9.689143e-08
212 9.613716e-08
213 9.493428e-08
214 9.380448e-08
215 9.436195e-08
216 9.394218e-08
217 9.351005e-08
218 9.230803e-08
219 9.300755e-08
220 9.217998e-08
221 8.272859e-08
222 9.612135e-08
223 1.015668e-07
224 1.030211e-07
225 1.030260e-07
226 1.107817e-07
227 1.003724e-07
228 9.809031e-08
229 9.027768e-08
230 7.822652e-08
231 7.806754e-08
232 7.529579e-08
233 7.475585e-08
234 7.162799e-08
235 7.320505e-08
236 6.958447e-08
237 7.013530e-08
238 6.919077e-08
239 6.767585e-08
240 6.882361e-08
241 5.371819e-08
242 5.289951e-08
243 5.375410e-08
244 5.407584e-08
245 5.325290e-08
246 5.354973e-08
247 5.367144e-08
248 5.374257e-08
249 5.358546e-08
250 5.356563e-08
251 5.289698e-08
252 5.200699e-08
253 5.184661e-08
254 5.023270e-08
255 5.074841e-08
256 4.992121e-08
257 4.324625e-08
258 4.111985e-08
259 4.348925e-08
260 4.253920e-08
261 3.795064e-08
262 4.138300e-08
263 4.048649e-08
264 4.071893e-08
265 3.726563e-08
266 3.839905e-08
267 3.797618e-08
268 3.729167e-08
269 3.712541e-08
270 3.646017e-08
271 3.549549e-08
272 3.519564e-08
273 3.537423e-08
274 3.466068e-08
275 3.352926e-08
276 3.753373e-08
277 3.751261e-08
278 4.022593e-08
279 4.080182e-08
280 3.606414e-08
281 3.800102e-08
282 3.607705e-08
283 3.581443e-08
284 3.292250e-08
285 3.595268e-08
286 3.699603e-08
287 4.294687e-08
288 4.087724e-08
289 3.730330e-08
290 3.645252e-08
291 3.572262e-08
292 3.625225e-08
293 3.548633e-08
294 3.470836e-08
295 4.368184e-08
296 4.323763e-08
297 3.380036e-08
298 3.380832e-08
299 3.380568e-08
300 3.382156e-08
301 3.580315e-08
302 3.687897e-08
303 3.718328e-08
304 3.772669e-08
305 3.889172e-08
306 3.138312e-08
307 3.072610e-08
308 3.444398e-08
309 2.996297e-08
310 3.017377e-08
311 2.905810e-08
312 2.895362e-08
313 2.776173e-08
314 2.705840e-08
315 2.706867e-08
316 2.707751e-08
317 2.709006e-08
318 2.701533e-08
319 2.716502e-08
320 2.622999e-08
321 2.592886e-08
322 2.555139e-08
323 2.549566e-08
324 2.548413e-08
325 2.565315e-08
326 2.551102e-08
327 2.546348e-08
328 2.543121e-08
329 2.541256e-08
330 2.545884e-08
331 2.533899e-08
332 2.501731e-08
333 2.516245e-08
334 2.520486e-08
335 2.509539e-08
336 2.501039e-08
337 2.498580e-08
338 2.492504e-08
339 2.506562e-08
340 2.403292e-08
341 2.457085e-08
342 2.458112e-08
343 2.446409e-08
344 2.341468e-08
345 2.351440e-08
346 2.308339e-08
347 2.414302e-08
348 2.415901e-08
349 2.412890e-08
350 2.425662e-08
351 2.374150e-08
352 2.391704e-08
353 2.378398e-08
354 2.371064e-08
355 2.352879e-08
356 2.327753e-08
357 2.330590e-08
358 2.330318e-08
359 2.268396e-08
360 2.264927e-08
361 2.496365e-08
362 2.332314e-08
363 2.345852e-08
364 2.414622e-08
365 2.425385e-08
366 2.353839e-08
367 1.619244e-08
368 1.730718e-08
369 1.818427e-08
370 1.812696e-08
371 1.860956e-08
372 1.567077e-08
373 1.919681e-08
374 1.911146e-08
239 6.767585e-08
375 1.951166e-08
376 1.973004e-08
377 1.944526e-08
378 1.976764e-08
379 1.942050e-08
380 1.920700e-08
381 1.903279e-08
382 1.986663e-08
383 1.921119e-08
384 1.909254e-08
385 1.895080e-08
386 1.887784e-08
387 1.875898e-08
388 1.941775e-08
389 1.931407e-08
390 1.981871e-08
391 1.948906e-08
392 1.739482e-08
393 1.427585e-08
394 1.460664e-08
395 1.439560e-08
396 1.624680e-08
397 1.668364e-08
398 1.682234e-08
399 1.694632e-08
400 1.691378e-08
401 1.705531e-08
402 1.707370e-08
403 1.710165e-08
404 1.710690e-08
405 1.698650e-08
406 1.708405e-08
407 1.701911e-08
408 1.708141e-08
409 1.703467e-08
410 1.703224e-08
411 1.693555e-08
412 1.690282e-08
413 1.691671e-08
414 1.688334e-08
415 1.688123e-08
416 1.723833e-08
417 1.822082e-08
418 1.740258e-08
419 1.779815e-08
420 1.742672e-08
421 1.725262e-08
422 1.731519e-08
423 1.725620e-08
424 1.822562e-08
425 1.359781e-08
426 1.229073e-08
427 1.328231e-08
428 1.456370e-08
429 1.455124e-08
430 1.469802e-08
431 1.543421e-08
432 1.537102e-08
433 1.506373e-08
434 1.466072e-08
435 1.457171e-08
436 1.459157e-08
437 1.437651e-08
438 1.432396e-08
439 1.436772e-08
440 1.431523e-08
441 1.375895e-08
442 1.340715e-08
443 1.301191e-08
444 1.309449e-08
445 1.248981e-08
446 1.358329e-08
447 1.370791e-08
448 1.374942e-08
449 1.373700e-08
450 1.368088e-08
451 1.358019e-08
452 1.465444e-08
453 1.316077e-08
454 1.257492e-08
455 1.447500e-08
456 1.278044e-08
457 1.263943e-08
458 1.283429e-08
459 1.608325e-08
460 1.724829e-08
461 2.028839e-08
462 1.447977e-08
463 1.446645e-08
