------freq=1.25 Hz, tol=8.000000e-09--------
0 1.000000e+00
1 4.131055e-01
2 3.703992e-01
3 2.304121e-01
4 1.538991e-01
5 1.360267e-01
6 2.102896e-01
7 9.493794e-02
8 9.557140e-02
9 4.315575e-02
10 3.785275e-02
11 4.088805e-02
12 2.626655e-02
13 2.661424e-02
14 2.594699e-02
15 3.896823e-02
16 1.445659e-02
17 1.346178e-02
18 1.313185e-02
19 8.487112e-03
20 6.967195e-03
21 6.091416e-03
22 5.496790e-03
23 4.993303e-03
24 4.875736e-03
25 4.445880e-03
26 4.101382e-03
27 4.189825e-03
28 9.619170e-03
29 6.522226e-03
30 2.798035e-03
31 2.010591e-03
32 2.136251e-03
33 1.940936e-03
34 2.077115e-03
35 2.036510e-03
36 8.029052e-04
37 1.993887e-03
38 2.223670e-03
39 1.434281e-03
40 9.397519e-04
41 7.689402e-04
42 6.151788e-04
43 5.396776e-04
44 3.045200e-04
45 5.720396e-04
46 2.788182e-04
47 3.677588e-04
48 1.939574e-04
49 1.868704e-04
50 1.725519e-04
51 1.559210e-04
52 1.520012e-04
53 1.489706e-04
54 1.038238e-04
55 7.969180e-05
56 7.854331e-05
57 7.369581e-05
58 7.181445e-05
59 7.191885e-05
60 7.178178e-05
61 5.295233e-05
62 3.804623e-05
63 3.735743e-05
64 3.644658e-05
65 3.252260e-05
66 2.561703e-05
67 2.180762e-05
68 2.159139e-05
69 1.496009e-05
70 1.453879e-05
71 1.339541e-05
72 1.308262e-05
73 1.558332e-05
74 1.152161e-05
75 1.036244e-05
76 1.011745e-05
77 9.896155e-06
78 8.679843e-06
79 8.477263e-06
80 9.254979e-06
81 1.005901e-05
82 1.102901e-05
83 1.037354e-05
84 1.069494e-05
85 9.638521e-06
86 1.123406e-05
87 1.924575e-05
88 2.392753e-05
89 9.459927e-06
90 4.888510e-06
91 3.232553e-06
92 2.324821e-06
93 1.980022e-06
94 1.916750e-06
95 1.680511e-06
96 1.196136e-06
97 1.299773e-06
98 1.205754e-06
99 1.175537e-06
100 9.052007e-07
101 7.600026e-07
102 7.765971e-07
103 7.805478e-07
104 5.944960e-07
105 5.396671e-07
106 5.549770e-07
107 5.482807e-07
108 4.066495e-07
109 3.332918e-07
110 3.165110e-07
111 3.201808e-07
112 3.177118e-07
113 3.173743e-07
114 3.117374e-07
115 3.013634e-07
116 2.867850e-07
117 2.168924e-07
118 2.113769e-07
119 1.722921e-07
120 2.112687e-07
121 1.688759e-07
122 1.619823e-07
123 1.485222e-07
124 1.339688e-07
125 1.306604e-07
126 1.235097e-07
127 1.269864e-07
128 1.209210e-07
129 1.185393e-07
130 1.179428e-07
131 1.165355e-07
132 1.116050e-07
133 1.083508e-07
134 1.108006e-07
135 1.015129e-07
136 1.118072e-07
137 1.080188e-07
138 9.313234e-08
139 8.855483e-08
140 7.600349e-08
141 7.898161e-08
142 8.169528e-08
143 8.226171e-08
144 8.262383e-08
145 8.238096e-08
146 8.169538e-08
147 8.140608e-08
148 8.386117e-08
149 7.767759e-08
150 7.391541e-08
151 7.032940e-08
152 7.017650e-08
153 7.613380e-08
154 7.086674e-08
155 9.087751e-08
156 6.537813e-08
157 6.448599e-08
158 6.084346e-08
159 5.987228e-08
160 6.300730e-08
161 6.160583e-08
162 6.145302e-08
163 6.051246e-08
164 6.042244e-08
165 5.931757e-08
166 5.833115e-08
167 5.717644e-08
168 5.794785e-08
169 5.708350e-08
170 5.744524e-08
171 5.699383e-08
172 5.721041e-08
173 5.750405e-08
174 5.728156e-08
175 5.725918e-08
176 5.719307e-08
177 5.706265e-08
178 5.711556e-08
179 5.710943e-08
180 5.730451e-08
181 5.738716e-08
182 5.804087e-08
183 5.526792e-08
184 5.408179e-08
185 5.408113e-08
186 5.337063e-08
187 5.186347e-08
188 5.069984e-08
189 5.013708e-08
190 4.953156e-08
191 4.895440e-08
192 5.003462e-08
193 4.968265e-08
194 4.814562e-08
195 5.818092e-08
196 5.218194e-08
197 5.189270e-08
198 4.986421e-08
199 5.180387e-08
200 5.660097e-08
201 1.087052e-07
202 3.928773e-08
203 3.989757e-08
204 4.207881e-08
205 4.034208e-08
206 3.848547e-08
207 3.693692e-08
208 3.648301e-08
209 4.423506e-08
210 3.571114e-08
211 3.560185e-08
212 3.149104e-08
213 3.115112e-08
214 2.937227e-08
215 2.741004e-08
216 2.475274e-08
217 2.007823e-08
218 2.237733e-08
219 2.170228e-08
220 2.099951e-08
221 2.084390e-08
222 2.079915e-08
223 2.106198e-08
224 2.094597e-08
225 1.979712e-08
226 1.988181e-08
227 1.985699e-08
228 1.980011e-08
229 1.977731e-08
230 1.967628e-08
231 1.913242e-08
232 1.922012e-08
233 1.910045e-08
234 1.887988e-08
235 1.809639e-08
236 1.826158e-08
237 1.765798e-08
238 1.782130e-08
239 1.736312e-08
240 1.746105e-08
241 1.744199e-08
242 1.771270e-08
243 1.735614e-08
244 1.725476e-08
245 1.724807e-08
246 1.726608e-08
247 1.723360e-08
248 1.719185e-08
249 1.726039e-08
250 1.749282e-08
251 1.748432e-08
252 1.749675e-08
253 1.733074e-08
254 1.726196e-08
255 1.743044e-08
256 1.929829e-08
257 1.708548e-08
258 1.732481e-08
259 1.726408e-08
260 1.724506e-08
261 1.723684e-08
262 1.616776e-08
263 1.627808e-08
264 1.594810e-08
265 1.597131e-08
266 1.583156e-08
267 1.574813e-08
268 1.577150e-08
269 1.574550e-08
270 1.572813e-08
271 1.528758e-08
272 1.555582e-08
273 1.549387e-08
274 1.519702e-08
275 1.489386e-08
276 1.481589e-08
277 1.507831e-08
278 1.531075e-08
279 1.542129e-08
280 1.566603e-08
281 1.585213e-08
282 1.595671e-08
283 1.598151e-08
284 1.596309e-08
285 1.594644e-08
286 1.583497e-08
287 1.560294e-08
288 1.555346e-08
289 1.581904e-08
290 1.552707e-08
291 1.685695e-08
292 1.391475e-08
293 1.402402e-08
294 1.399563e-08
295 1.400583e-08
296 1.399955e-08
297 1.380577e-08
298 1.389774e-08
299 1.388895e-08
300 1.384266e-08
301 1.392516e-08
302 1.409380e-08
303 1.392246e-08
304 1.357090e-08
305 1.342836e-08
306 1.338365e-08
307 1.334955e-08
308 1.325609e-08
309 1.325656e-08
310 1.322888e-08
311 1.323847e-08
312 1.324525e-08
313 1.325387e-08
314 1.350653e-08
315 1.348892e-08
316 1.344747e-08
317 1.332576e-08
318 1.339992e-08
319 1.361445e-08
320 1.359807e-08
321 1.553765e-08
322 1.235496e-08
323 1.229004e-08
324 1.087194e-08
325 1.157005e-08
326 1.141318e-08
327 1.167671e-08
328 1.163112e-08
329 1.125032e-08
330 1.267934e-08
331 1.121685e-08
332 1.160323e-08
333 1.138639e-08
334 1.134378e-08
335 1.139615e-08
336 1.139465e-08
337 1.303489e-08
338 1.026742e-08
339 1.048909e-08
340 1.043890e-08
341 1.051511e-08
342 1.134899e-08
343 1.087975e-08
344 1.082903e-08
345 1.083518e-08
346 1.083525e-08
347 1.073074e-08
348 1.063465e-08
349 1.057397e-08
350 1.044461e-08
351 1.050976e-08
352 1.012074e-08
353 8.236637e-09
354 8.652792e-09
