------freq=0.125 Hz, tol=8.000000e-08--------
0 1.000000e+00
1 4.158568e-01
2 4.027447e-01
3 4.482034e-01
4 4.583647e-01
5 3.365672e-01
6 2.557252e-01
7 2.198200e-01
8 2.035441e-01
9 1.953235e-01
10 1.946126e-01
11 2.040530e-01
12 2.237580e-01
13 2.284869e-01
14 1.669219e-01
15 1.270857e-01
16 1.146340e-01
17 1.107850e-01
18 1.078980e-01
19 1.046570e-01
20 1.016596e-01
21 1.012902e-01
22 1.174569e-01
23 1.745242e-01
24 1.127332e-01
25 7.972502e-02
26 6.668822e-02
27 6.196653e-02
28 6.372167e-02
29 5.412175e-02
30 4.627424e-02
31 3.883544e-02
32 3.996952e-02
33 3.586409e-02
34 3.565024e-02
35 3.546314e-02
36 3.308384e-02
37 3.326325e-02
38 3.065616e-02
39 3.010188e-02
40 2.603319e-02
41 2.610888e-02
42 2.258546e-02
43 2.308666e-02
44 2.280198e-02
45 2.227163e-02
46 2.290301e-02
47 2.528775e-02
48 1.850786e-02
49 1.814113e-02
50 1.791149e-02
51 1.775483e-02
52 1.737574e-02
53 1.742841e-02
54 1.612853e-02
55 1.595699e-02
56 1.462311e-02
57 1.384777e-02
58 1.410654e-02
59 1.378678e-02
60 1.454140e-02
61 1.227816e-02
62 1.223449e-02
63 1.150012e-02
64 1.065425e-02
65 9.934555e-03
66 9.817746e-03
67 9.623963e-03
68 1.747997e-02
69 9.006125e-02
70 2.769908e-02
71 5.445367e-02
72 6.332054e-02
73 5.469997e-02
74 1.135451e-01
75 6.514912e-02
76 6.224637e-02
77 3.407799e-02
78 8.026499e-03
79 9.900925e-03
80 7.155903e-03
81 6.666943e-03
82 6.362271e-03
83 6.223427e-03
84 6.114882e-03
85 5.908034e-03
86 5.885322e-03
87 5.883459e-03
88 5.721369e-03
89 5.698198e-03
90 5.670092e-03
91 5.366459e-03
92 5.340268e-03
93 5.285105e-03
94 5.303274e-03
95 5.193003e-03
96 5.043461e-03
97 5.098278e-03
98 5.105548e-03
99 5.128414e-03
100 4.991667e-03
101 5.019070e-03
102 4.974103e-03
103 5.344366e-03
104 5.488538e-03
105 5.924046e-03
106 5.859647e-03
107 4.284525e-03
108 4.163936e-03
109 3.949799e-03
110 3.959879e-03
111 3.903530e-03
112 3.750817e-03
113 3.856435e-03
114 3.995507e-03
115 4.326109e-03
116 3.770329e-03
117 3.389016e-03
118 2.768998e-03
119 8.203926e-03
120 6.835045e-03
121 1.125867e-02
122 6.043917e-03
123 7.183377e-03
124 7.515945e-03
125 7.515008e-03
126 6.207735e-03
127 1.051409e-02
128 1.027242e-02
129 1.036705e-02
130 1.075204e-02
131 7.944014e-03
132 1.428193e-02
133 1.349315e-02
134 1.482793e-02
135 2.355873e-03
136 3.820244e-02
137 5.558876e-02
138 4.174049e-02
139 2.199562e-02
140 5.354564e-03
141 2.780356e-03
142 6.323986e-03
143 3.726096e-03
144 3.649220e-03
145 3.661975e-03
146 5.584514e-03
147 4.275138e-03
148 4.433517e-03
149 4.395255e-03
150 4.308153e-03
151 4.078317e-03
152 3.738523e-03
153 3.526720e-03
154 3.204322e-03
155 3.045012e-03
156 2.909212e-03
157 2.870083e-03
158 2.671399e-03
159 2.575344e-03
160 2.575523e-03
161 2.498126e-03
162 2.513298e-03
163 2.466120e-03
164 2.488217e-03
165 2.425248e-03
166 2.746839e-03
167 2.500625e-03
168 2.382746e-03
169 2.372026e-03
170 2.376222e-03
171 2.283403e-03
172 2.261073e-03
173 2.157770e-03
174 2.062761e-03
175 2.067021e-03
176 2.043024e-03
177 2.042170e-03
178 1.993614e-03
179 1.651629e-03
180 1.857236e-03
181 2.026534e-03
182 2.014827e-03
183 2.015319e-03
184 1.971535e-03
185 2.019790e-03
186 1.997252e-03
187 1.755467e-03
188 1.706422e-03
189 1.681398e-03
190 2.134003e-03
191 1.421318e-03
192 7.446352e-04
193 8.773779e-04
194 8.489683e-04
195 1.026197e-03
196 1.054809e-03
197 1.029253e-03
198 1.086629e-03
199 1.185218e-03
200 1.353695e-03
201 1.351250e-03
202 1.346918e-03
203 1.284647e-03
204 1.412061e-03
205 1.396440e-03
206 1.834359e-03
207 1.990346e-03
208 1.868460e-03
209 7.244905e-04
210 5.629916e-04
211 6.294364e-04
212 5.448786e-04
213 6.098334e-04
214 7.158886e-04
215 1.424472e-03
216 2.130594e-04
217 2.010711e-04
218 1.966764e-04
219 1.975641e-04
220 2.071663e-04
221 2.050467e-04
222 4.479134e-04
223 2.097832e-04
224 2.475366e-04
225 2.380908e-04
226 2.342800e-04
227 2.220251e-04
228 2.168324e-04
229 2.068287e-04
230 2.049500e-04
231 2.080471e-04
232 2.060544e-04
233 2.031458e-04
234 2.016942e-04
235 2.016182e-04
236 1.992694e-04
237 1.967444e-04
238 2.022859e-04
239 1.916001e-04
240 1.780333e-04
241 1.808213e-04
242 1.804565e-04
243 1.770708e-04
244 1.749745e-04
245 1.795542e-04
246 1.761951e-04
247 1.761938e-04
248 1.759425e-04
249 1.756082e-04
250 1.747561e-04
251 1.741864e-04
252 1.379630e-04
253 1.191477e-04
254 1.142796e-04
255 1.115919e-04
256 1.084366e-04
257 1.072700e-04
258 1.028750e-04
259 1.046548e-04
260 1.066886e-04
261 1.054875e-04
262 1.044693e-04
263 1.035120e-04
264 1.027269e-04
265 1.027229e-04
266 1.026200e-04
267 1.048719e-04
268 1.036616e-04
269 1.035585e-04
270 1.032029e-04
271 1.029381e-04
272 1.026974e-04
273 1.028497e-04
274 1.009856e-04
275 1.010269e-04
276 1.003600e-04
277 9.953625e-05
278 9.908940e-05
279 9.894248e-05
280 9.940474e-05
281 9.924198e-05
282 9.895602e-05
283 9.807808e-05
284 9.733176e-05
285 9.748942e-05
286 9.715831e-05
287 9.913321e-05
288 1.022026e-04
289 1.035479e-04
290 9.850540e-05
291 9.560076e-05
292 9.542480e-05
293 9.511059e-05
294 9.564848e-05
295 9.727435e-05
296 9.905950e-05
297 9.976767e-05
298 9.962835e-05
299 9.969044e-05
300 1.000356e-04
301 1.011236e-04
302 1.159079e-04
303 1.156345e-04
304 1.047322e-04
305 1.093473e-04
306 1.084385e-04
307 1.140733e-04
308 1.123805e-04
309 1.124916e-04
310 1.094793e-04
311 9.725252e-05
312 1.203863e-04
313 1.120121e-04
314 1.171190e-04
315 1.164440e-04
316 1.253317e-04
317 1.183966e-04
318 1.200240e-04
319 1.100489e-04
320 9.664643e-05
321 9.824112e-05
322 9.761212e-05
323 9.370978e-05
324 1.221268e-04
325 6.306967e-05
326 7.496457e-05
327 1.139621e-04
328 1.195812e-04
329 9.992881e-05
330 1.002786e-04
331 7.286659e-05
332 7.036971e-05
333 7.142109e-05
334 7.767384e-05
335 8.197292e-05
336 8.016157e-05
337 7.938318e-05
338 8.634127e-05
339 9.408206e-05
340 8.815570e-05
341 9.032738e-05
342 7.649010e-05
343 1.209855e-04
344 1.223833e-04
345 6.604437e-05
346 7.910316e-05
347 5.807129e-05
348 5.102259e-05
349 4.446535e-05
350 4.181996e-05
351 4.597619e-05
352 4.374612e-05
353 4.460528e-05
354 4.556467e-05
355 4.557375e-05
356 4.140311e-05
357 4.359509e-05
358 4.167478e-05
359 4.074233e-05
360 3.990822e-05
361 3.968778e-05
362 3.944036e-05
363 3.968303e-05
364 4.085179e-05
365 3.746708e-05
366 3.674277e-05
367 3.655838e-05
368 3.767161e-05
369 3.772557e-05
370 3.766272e-05
371 4.440721e-05
372 3.698153e-05
373 3.908368e-05
374 4.025238e-05
375 4.228896e-05
376 4.469887e-05
377 4.439992e-05
378 3.016700e-05
379 5.480093e-05
380 6.948593e-05
381 6.589107e-05
382 1.075085e-04
383 2.067488e-04
384 1.344660e-04
385 4.859272e-05
386 3.424097e-05
387 3.634783e-05
388 1.778509e-05
389 2.046700e-05
390 2.111713e-05
391 2.099314e-05
392 1.973657e-05
393 1.793063e-05
394 1.655034e-05
395 1.781915e-05
396 1.564315e-05
397 1.597000e-05
398 1.609177e-05
399 1.629021e-05
400 1.627338e-05
401 1.604375e-05
402 1.628116e-05
403 1.470350e-05
404 1.555663e-05
405 1.918038e-05
406 1.722226e-05
407 1.712797e-05
408 1.855208e-05
409 2.161669e-05
410 2.328638e-05
411 1.516130e-05
412 1.515683e-05
413 1.504186e-05
414 1.508685e-05
415 1.485045e-05
416 1.482517e-05
417 1.470660e-05
418 1.441962e-05
419 1.403344e-05
420 1.412912e-05
421 1.390114e-05
422 1.491678e-05
423 1.618059e-05
424 1.629208e-05
425 1.616701e-05
426 1.536860e-05
427 1.503037e-05
428 1.576422e-05
429 1.572791e-05
430 1.615348e-05
431 1.675164e-05
432 1.679218e-05
433 1.659934e-05
434 1.654704e-05
435 1.646461e-05
436 1.834867e-05
437 1.021269e-05
438 1.085025e-05
439 9.615019e-06
440 1.274564e-05
441 1.436476e-05
442 1.115949e-05
443 1.087414e-05
444 1.098979e-05
445 1.109269e-05
446 1.106901e-05
447 1.106927e-05
448 1.142005e-05
449 1.184092e-05
450 1.152135e-05
451 1.147158e-05
452 1.106417e-05
453 1.094667e-05
454 1.112809e-05
455 1.054854e-05
456 1.016360e-05
457 1.022929e-05
458 9.539921e-06
459 9.973556e-06
460 9.888887e-06
461 1.000184e-05
462 9.823360e-06
463 9.817407e-06
464 1.010173e-05
465 1.018216e-05
466 9.901065e-06
467 9.790157e-06
468 9.819826e-06
469 9.763346e-06
470 9.735398e-06
471 9.723490e-06
472 9.759800e-06
473 9.680051e-06
474 9.663126e-06
475 1.002991e-05
476 1.058169e-05
477 1.076580e-05
478 1.143588e-05
479 1.175584e-05
480 1.110382e-05
481 9.341146e-06
482 9.635665e-06
483 9.226391e-06
484 9.145426e-06
485 9.510837e-06
486 9.426328e-06
487 9.653385e-06
488 1.028898e-05
489 1.066762e-05
490 1.064454e-05
491 1.093281e-05
492 1.196472e-05
493 1.375174e-05
494 1.184848e-05
495 1.367573e-05
496 1.395172e-05
497 1.234384e-05
498 1.071645e-05
499 1.008937e-05
500 1.031594e-05
501 1.144099e-05
502 1.045204e-05
503 9.811543e-06
504 9.901692e-06
505 9.360365e-06
506 9.890250e-06
507 8.001915e-06
508 7.920799e-06
509 7.016003e-06
510 6.624170e-06
511 5.957087e-06
512 5.707865e-06
513 5.678279e-06
514 5.540360e-06
515 5.652487e-06
516 5.583014e-06
517 5.479780e-06
518 5.431294e-06
519 5.447157e-06
520 5.488293e-06
521 5.510225e-06
522 5.440223e-06
523 5.422659e-06
524 5.163880e-06
525 5.123292e-06
526 5.282558e-06
527 5.216636e-06
528 4.872953e-06
529 4.814396e-06
530 4.743672e-06
531 4.110878e-06
532 3.207527e-06
533 3.115277e-06
534 3.366861e-06
535 3.436406e-06
536 3.829016e-06
537 3.562298e-06
538 3.562048e-06
539 3.465138e-06
540 2.974371e-06
541 2.966218e-06
542 2.838746e-06
543 2.723014e-06
544 2.793718e-06
545 2.751064e-06
546 3.864501e-06
547 3.305772e-06
548 3.241048e-06
549 3.217748e-06
550 3.288557e-06
551 3.279748e-06
552 3.262285e-06
553 3.241153e-06
554 3.222233e-06
555 3.055417e-06
556 2.939063e-06
557 2.932253e-06
558 2.897791e-06
559 2.937789e-06
560 2.977576e-06
561 2.924530e-06
562 2.893843e-06
563 2.866894e-06
564 2.857651e-06
565 3.025394e-06
566 2.985390e-06
567 2.583982e-06
568 3.037028e-06
569 3.339564e-06
570 2.930461e-06
571 3.179909e-06
572 3.319965e-06
573 3.282379e-06
574 3.293247e-06
575 3.224508e-06
576 3.233563e-06
577 3.259482e-06
578 3.390455e-06
579 3.401612e-06
580 3.313977e-06
581 3.318948e-06
582 3.287861e-06
583 3.308409e-06
584 3.262568e-06
585 3.239005e-06
586 3.279231e-06
587 3.290916e-06
588 3.082461e-06
589 3.012937e-06
590 2.922907e-06
591 3.131322e-06
592 2.957202e-06
593 2.730507e-06
594 2.839285e-06
595 2.778314e-06
596 3.156739e-06
597 2.894244e-06
598 2.718629e-06
599 2.863600e-06
600 2.829723e-06
601 2.767115e-06
602 2.836342e-06
603 2.816345e-06
604 2.805632e-06
605 2.805092e-06
606 2.755638e-06
607 2.767976e-06
608 2.763491e-06
609 2.742135e-06
610 2.622659e-06
611 2.708631e-06
612 2.603797e-06
613 2.452475e-06
614 2.424096e-06
615 2.428456e-06
616 2.427292e-06
617 2.386855e-06
618 2.398079e-06
619 2.385969e-06
620 2.457938e-06
621 2.299746e-06
622 1.754619e-06
623 1.853405e-06
624 1.911091e-06
625 1.910405e-06
626 1.901471e-06
627 1.967292e-06
628 1.953459e-06
629 1.959106e-06
630 1.955985e-06
631 1.947711e-06
632 2.126241e-06
633 3.225928e-06
634 3.246167e-06
635 1.893651e-06
636 1.917998e-06
637 2.171652e-06
638 2.176628e-06
639 2.232999e-06
640 2.223356e-06
641 2.174239e-06
642 2.163614e-06
643 2.661519e-06
644 2.567946e-06
645 2.572757e-06
646 2.576502e-06
647 2.590344e-06
648 2.635103e-06
649 2.634103e-06
650 2.640015e-06
651 2.826591e-06
652 2.773538e-06
653 2.840016e-06
654 2.843620e-06
655 2.713107e-06
656 2.642922e-06
657 2.622857e-06
658 2.598558e-06
659 2.611572e-06
660 2.612968e-06
661 2.632305e-06
662 2.637358e-06
663 2.638195e-06
664 2.648642e-06
665 2.680862e-06
666 2.688492e-06
667 2.706344e-06
668 2.727027e-06
669 2.777103e-06
670 2.915788e-06
671 2.431229e-06
672 2.730837e-06
673 2.382537e-06
674 2.580007e-06
675 2.538076e-06
676 2.550137e-06
677 2.436104e-06
678 2.807165e-06
679 2.545336e-06
680 2.429179e-06
681 2.422795e-06
682 2.358166e-06
683 2.340039e-06
684 2.338813e-06
685 2.339063e-06
686 2.355072e-06
687 3.204112e-06
688 1.878176e-06
689 1.875218e-06
690 1.851634e-06
691 2.118055e-06
692 2.123325e-06
693 2.091630e-06
694 2.025023e-06
695 8.288982e-07
696 2.362140e-06
697 2.876571e-06
698 4.212284e-06
699 2.199815e-06
700 3.352160e-06
701 3.222648e-06
702 3.299048e-06
703 3.200494e-06
704 3.166274e-06
705 3.160492e-06
706 3.096246e-06
707 2.893546e-06
708 3.051998e-06
709 3.366546e-06
710 3.247572e-06
711 3.075031e-06
712 3.377303e-06
713 4.112101e-06
714 3.828620e-06
715 2.754862e-06
716 2.293691e-06
717 1.908022e-06
718 1.769507e-06
719 1.960784e-06
720 1.968414e-06
721 1.431508e-06
722 1.449677e-06
723 1.286098e-06
724 1.416383e-06
725 1.414094e-06
726 1.402472e-06
727 1.506477e-06
728 9.387555e-07
729 2.113696e-06
730 2.629890e-06
731 2.513483e-06
732 2.624568e-06
733 2.473133e-06
734 2.729716e-06
735 3.220781e-06
736 3.469073e-06
737 3.269715e-06
738 2.188138e-06
739 2.286443e-06
740 2.772793e-06
741 2.804523e-06
742 2.849332e-06
743 2.876032e-06
744 2.540252e-06
745 2.274224e-06
746 3.468516e-06
747 2.363399e-06
748 2.396088e-06
749 2.587733e-06
750 2.571176e-06
751 2.643235e-06
752 2.735486e-06
753 2.753175e-06
754 2.737884e-06
755 2.732853e-06
756 2.726944e-06
757 2.717748e-06
758 2.713093e-06
759 2.711745e-06
760 2.713610e-06
761 2.707840e-06
762 2.735763e-06
763 2.691976e-06
764 2.680754e-06
765 2.678956e-06
766 3.375634e-06
767 2.544935e-06
768 2.572130e-06
769 2.542296e-06
770 2.627934e-06
771 2.615174e-06
772 2.607465e-06
773 2.644924e-06
774 2.634367e-06
775 2.607676e-06
776 2.599648e-06
777 2.581948e-06
778 2.626415e-06
779 2.577464e-06
780 2.564646e-06
781 2.555771e-06
782 2.556089e-06
783 2.552332e-06
784 2.537784e-06
785 2.510385e-06
786 2.511394e-06
787 2.502119e-06
788 2.424414e-06
789 2.445532e-06
790 2.502856e-06
791 2.447347e-06
792 2.450301e-06
793 2.450196e-06
794 2.450086e-06
795 2.474261e-06
796 2.443081e-06
797 2.450423e-06
798 2.411890e-06
799 2.492746e-06
800 2.478319e-06
801 2.470435e-06
802 2.465156e-06
803 2.463782e-06
804 2.458604e-06
805 2.447303e-06
806 2.431476e-06
807 2.434917e-06
808 2.407453e-06
809 2.407599e-06
810 2.395773e-06
811 2.393568e-06
812 2.402555e-06
813 2.387378e-06
814 2.384541e-06
815 2.384410e-06
816 2.417493e-06
817 2.375882e-06
818 2.359802e-06
819 2.288540e-06
820 2.261480e-06
821 2.240029e-06
822 2.231542e-06
823 2.533963e-06
824 2.115274e-06
825 1.915914e-06
826 2.343737e-06
827 1.073459e-06
828 2.915964e-06
829 3.476292e-06
830 1.871848e-06
831 1.618197e-06
832 2.090419e-06
833 2.076357e-06
834 2.167655e-06
835 2.138776e-06
836 2.074767e-06
837 2.132614e-06
838 2.117678e-06
839 2.079454e-06
840 2.029368e-06
841 2.121166e-06
842 1.868186e-06
843 1.968416e-06
844 1.924546e-06
845 1.914072e-06
846 1.922443e-06
847 1.802817e-06
848 2.519877e-06
849 2.513573e-06
850 2.428111e-06
851 2.432817e-06
852 2.403608e-06
853 2.445708e-06
854 2.957712e-06
855 1.630602e-06
856 2.586378e-06
857 2.558713e-06
858 2.789898e-06
859 2.757812e-06
860 2.795461e-06
861 3.177822e-06
862 3.185049e-06
863 3.311234e-06
864 3.505279e-06
865 3.492573e-06
866 3.485165e-06
867 3.081451e-06
868 3.558255e-06
869 3.622477e-06
870 3.531787e-06
871 4.219932e-06
872 4.230644e-06
873 4.230494e-06
874 4.142964e-06
875 4.139460e-06
876 4.187988e-06
877 3.942298e-06
878 5.213017e-06
879 3.173845e-06
880 3.331172e-06
881 2.672433e-06
882 2.979096e-06
883 2.600032e-06
884 2.791271e-06
885 2.338328e-06
886 2.323383e-06
887 2.332795e-06
888 2.390235e-06
889 2.365229e-06
890 2.334304e-06
891 2.307623e-06
892 2.293175e-06
893 2.287235e-06
894 2.286842e-06
895 2.273646e-06
896 2.278324e-06
897 2.264763e-06
898 2.253516e-06
899 2.159877e-06
900 2.272294e-06
901 2.296649e-06
902 2.243191e-06
903 2.187670e-06
904 2.130281e-06
905 2.127741e-06
906 2.086417e-06
907 2.041719e-06
908 2.048492e-06
909 2.040672e-06
910 1.985409e-06
911 1.947749e-06
912 1.937325e-06
913 2.060381e-06
914 1.862295e-06
915 1.942500e-06
916 1.639796e-06
917 1.668452e-06
918 1.716298e-06
919 1.699976e-06
920 1.775113e-06
921 1.802487e-06
922 1.733504e-06
923 1.765782e-06
924 1.802930e-06
925 1.791082e-06
926 1.293458e-06
927 1.186731e-06
928 2.203735e-06
929 2.063094e-06
930 2.035979e-06
931 2.422782e-06
932 2.661275e-06
933 2.512759e-06
934 2.469651e-06
935 3.604325e-06
936 4.232153e-06
937 4.070949e-06
938 5.856706e-06
939 6.906948e-06
940 7.042232e-06
941 1.054247e-05
942 3.348832e-06
943 3.446410e-06
944 1.419720e-06
945 1.303105e-06
946 1.490690e-06
947 1.256603e-06
948 1.408671e-06
949 1.393491e-06
950 1.375945e-06
951 1.368264e-06
952 1.271306e-06
953 1.275745e-06
954 1.253813e-06
955 1.293145e-06
956 1.289581e-06
957 1.587474e-06
958 1.777749e-06
959 1.403176e-06
960 1.259911e-06
961 1.506836e-06
962 1.491908e-06
963 1.472276e-06
964 1.505471e-06
965 1.421891e-06
966 1.358926e-06
967 1.236035e-06
968 1.332129e-06
969 1.305540e-06
970 1.287553e-06
971 1.299608e-06
972 1.292297e-06
973 1.292853e-06
974 1.338400e-06
975 1.363841e-06
976 1.357202e-06
977 1.356895e-06
978 1.347523e-06
979 1.337898e-06
980 1.309888e-06
981 1.359177e-06
982 1.367504e-06
983 1.372509e-06
984 1.381657e-06
985 1.517786e-06
986 1.450026e-06
987 1.348513e-06
988 1.401555e-06
989 1.361418e-06
990 8.664714e-07
991 1.108416e-06
992 1.111455e-06
993 1.095922e-06
994 1.095465e-06
995 1.091767e-06
996 1.087928e-06
997 1.089498e-06
998 1.211006e-06
999 1.085815e-06
1000 1.036755e-06
1001 7.260316e-07
1002 1.304433e-06
1003 1.443821e-06
1004 1.436800e-06
1005 1.330056e-06
1006 1.341515e-06
1007 1.168259e-06
1008 1.079755e-06
1009 9.544932e-07
1010 1.077303e-06
1011 1.123936e-06
1012 1.119168e-06
1013 1.139892e-06
1014 1.131632e-06
1015 1.142993e-06
1016 1.142800e-06
1017 1.160971e-06
1018 1.170264e-06
1019 1.153186e-06
1020 1.138243e-06
1021 1.143344e-06
1022 1.150057e-06
1023 1.144581e-06
1024 1.143850e-06
1025 1.144916e-06
1026 1.138497e-06
1027 1.139859e-06
1028 1.134490e-06
1029 1.131091e-06
1030 1.098339e-06
1031 1.079086e-06
1032 1.140033e-06
1033 1.146358e-06
1034 1.143462e-06
1035 1.125045e-06
1036 1.041093e-06
1037 9.417638e-07
1038 9.466378e-07
1039 9.473465e-07
1040 9.449792e-07
1041 9.435356e-07
1042 9.442480e-07
1043 9.409127e-07
1044 9.417653e-07
1045 9.393577e-07
1046 9.390077e-07
1047 9.380543e-07
1048 9.361771e-07
1049 9.319851e-07
1050 9.330842e-07
1051 9.066914e-07
1052 8.941333e-07
1053 8.918234e-07
1054 8.984893e-07
1055 9.022149e-07
1056 8.684612e-07
1057 8.820974e-07
1058 8.474208e-07
1059 8.601828e-07
1060 8.472514e-07
1061 8.426584e-07
1062 9.692696e-07
1063 9.212551e-07
1064 8.314886e-07
1065 8.302298e-07
1066 8.648856e-07
1067 8.348457e-07
1068 7.938038e-07
1069 7.927878e-07
1070 7.830970e-07
1071 7.787945e-07
1072 7.972854e-07
1073 7.712748e-07
1074 6.858902e-07
1075 6.850281e-07
1076 8.188858e-07
1077 7.673110e-07
1078 8.147865e-07
1079 7.599419e-07
1080 7.481842e-07
1081 7.415945e-07
1082 7.414315e-07
1083 7.411477e-07
1084 7.442215e-07
1085 7.525837e-07
1086 7.474373e-07
1087 7.434508e-07
1088 7.387562e-07
1089 7.311052e-07
1090 7.241169e-07
1091 7.232789e-07
1092 7.244261e-07
1093 7.204253e-07
1094 7.218875e-07
1095 7.295924e-07
1096 7.459852e-07
1097 7.446322e-07
1098 7.293158e-07
1099 7.311567e-07
1100 7.348791e-07
1101 7.235941e-07
1102 6.926053e-07
1103 7.481275e-07
1104 7.370152e-07
1105 7.323215e-07
1106 7.380015e-07
1107 7.511508e-07
1108 6.895789e-07
1109 6.803056e-07
1110 7.480979e-07
1111 7.539867e-07
1112 7.502689e-07
1113 7.323856e-07
1114 7.325767e-07
1115 7.321378e-07
1116 7.151916e-07
1117 7.151572e-07
1118 7.138193e-07
1119 7.396042e-07
1120 7.190753e-07
1121 7.206151e-07
1122 7.183428e-07
1123 7.189489e-07
1124 7.259423e-07
1125 7.261804e-07
1126 7.273581e-07
1127 7.257729e-07
1128 7.249078e-07
1129 7.230655e-07
1130 7.182357e-07
1131 7.289511e-07
1132 6.482033e-07
1133 6.214283e-07
1134 6.234730e-07
1135 6.296277e-07
1136 6.357525e-07
1137 8.432525e-07
1138 8.262494e-07
1139 7.877292e-07
1140 7.863562e-07
1141 7.956206e-07
1142 8.186004e-07
1143 8.000368e-07
1144 7.797880e-07
1145 7.788699e-07
1146 7.745433e-07
1147 7.573534e-07
1148 7.666666e-07
1149 7.584645e-07
1150 7.931583e-07
1151 7.472050e-07
1152 7.458700e-07
1153 7.445915e-07
1154 9.209655e-07
1155 7.483941e-07
1156 7.474022e-07
1157 7.476852e-07
1158 7.491969e-07
1159 7.500964e-07
1160 7.514699e-07
1161 7.492030e-07
1162 7.483145e-07
1163 7.462574e-07
1164 7.414200e-07
1165 7.473390e-07
1166 7.463477e-07
1167 7.467469e-07
1168 7.530138e-07
1169 7.567639e-07
1170 7.590889e-07
1171 7.490894e-07
1172 6.419179e-07
1173 6.397459e-07
1174 5.778408e-07
1175 8.399118e-07
1176 8.070292e-07
1177 8.033920e-07
1178 7.142775e-07
1179 7.648466e-07
1180 7.599368e-07
1181 7.824299e-07
1182 7.651823e-07
1183 7.927490e-07
1184 8.229792e-07
1185 7.812231e-07
1186 7.419843e-07
1187 5.405034e-07
1188 5.327956e-07
1189 7.010162e-07
1190 7.243482e-07
1191 5.083522e-07
1192 5.969789e-07
1193 6.913434e-07
1194 7.367388e-07
1195 7.409901e-07
1196 8.551076e-07
1197 6.960525e-07
1198 6.909161e-07
1199 6.799824e-07
1200 6.828918e-07
1201 6.891980e-07
1202 6.978306e-07
1203 7.165012e-07
1204 7.116752e-07
1205 7.082872e-07
1206 7.048675e-07
1207 6.999892e-07
1208 6.992880e-07
1209 6.838550e-07
1210 6.980027e-07
1211 6.659604e-07
1212 6.182797e-07
1213 6.290760e-07
1214 5.119480e-07
1215 4.539077e-07
1216 3.959115e-07
1217 4.305647e-07
1218 4.040775e-07
1219 4.326595e-07
1220 3.688930e-07
1221 3.146580e-07
1222 6.560874e-07
1223 2.956836e-07
1224 8.831006e-07
1225 2.140122e-06
1226 1.458526e-06
1227 3.739206e-06
1228 1.418862e-06
1229 7.130101e-07
1230 7.374310e-07
1231 1.079267e-06
1232 1.369619e-06
1233 1.380239e-06
1234 1.337308e-06
1235 1.182743e-06
1236 9.176354e-07
1237 9.950317e-07
1238 1.041548e-06
1239 1.016273e-06
1240 8.064154e-07
1241 6.747512e-07
1242 7.889558e-07
1243 7.111856e-07
1244 4.984194e-07
1245 2.820865e-07
1246 3.795570e-07
1247 5.501792e-07
1248 5.518510e-07
1249 5.332994e-07
1250 4.926581e-07
1251 4.456317e-07
1252 4.581763e-07
1253 4.555580e-07
1254 4.413739e-07
1255 4.975557e-07
1256 3.935785e-07
1257 3.398693e-07
1258 3.583928e-07
1259 3.526616e-07
1260 3.407383e-07
1261 2.931111e-07
1262 3.152064e-07
1263 3.340588e-07
1264 2.886341e-07
1265 2.947360e-07
1266 3.529883e-07
1267 3.624448e-07
1268 3.619946e-07
1269 3.884183e-07
1270 4.003601e-07
1271 4.021822e-07
1272 4.135385e-07
1273 4.078034e-07
1274 4.020718e-07
1275 3.764238e-07
1276 4.295655e-07
1277 4.599121e-07
1278 4.571188e-07
1279 4.500560e-07
1280 4.391304e-07
1281 4.241864e-07
1282 4.134944e-07
1283 4.161093e-07
1284 4.163825e-07
1285 4.177959e-07
1286 4.226060e-07
1287 4.127350e-07
1288 4.120685e-07
1289 4.105974e-07
1290 4.092510e-07
1291 4.064843e-07
1292 4.067480e-07
1293 4.002391e-07
1294 3.744647e-07
1295 3.774199e-07
1296 3.970996e-07
1297 7.179646e-07
1298 3.147828e-07
1299 3.145782e-07
1300 3.265205e-07
1301 3.003113e-07
1302 3.232017e-07
1303 3.205033e-07
1304 2.871586e-07
1305 3.763425e-07
1306 9.010608e-07
1307 3.295522e-07
1308 3.065715e-07
1309 3.427884e-07
1310 5.028076e-07
1311 3.092048e-07
1312 2.781065e-07
1313 3.874177e-07
1314 6.395265e-07
1315 4.467143e-07
1316 4.341470e-07
1317 5.184662e-07
1318 3.836279e-07
1319 3.777641e-07
1320 3.789902e-07
1321 3.844548e-07
1322 3.676362e-07
1323 3.631466e-07
1324 3.603002e-07
1325 3.575394e-07
1326 3.573361e-07
1327 3.468310e-07
1328 3.351332e-07
1329 3.597131e-07
1330 3.881223e-07
1331 3.393953e-07
1332 3.543569e-07
1333 3.661615e-07
1334 3.612578e-07
1335 3.682574e-07
1336 3.653596e-07
1337 3.643507e-07
1338 3.362070e-07
1339 2.719979e-07
1340 3.037791e-07
1341 2.757786e-07
1342 3.116321e-07
1343 2.611025e-07
1344 2.645176e-07
1345 2.640447e-07
1346 2.632536e-07
1347 2.659706e-07
1348 2.659640e-07
1349 2.650669e-07
1350 2.648151e-07
1351 2.623539e-07
1352 2.614814e-07
1353 2.619688e-07
1354 2.612994e-07
1355 2.605942e-07
1356 2.602134e-07
1357 2.613495e-07
1358 2.565064e-07
1359 2.688284e-07
1360 2.820979e-07
1361 3.020632e-07
1362 3.322192e-07
1363 3.222927e-07
1364 2.485868e-07
1365 2.690223e-07
1366 2.744757e-07
1367 2.598973e-07
1368 2.641566e-07
1369 2.676562e-07
1370 2.676068e-07
1371 2.674557e-07
1372 2.666746e-07
1373 2.665375e-07
1374 2.646271e-07
1375 2.639897e-07
1376 2.635086e-07
1377 2.696411e-07
1378 3.230520e-07
1379 2.675137e-07
1380 2.539516e-07
1381 2.597701e-07
1382 2.575785e-07
1383 2.552143e-07
1384 2.569581e-07
1385 2.567981e-07
1386 2.560578e-07
1387 2.556531e-07
1388 2.566456e-07
1389 2.609406e-07
1390 2.436724e-07
1391 2.457133e-07
1392 2.442210e-07
1393 2.445234e-07
1394 2.436809e-07
1395 2.370723e-07
1396 2.355924e-07
1397 2.343461e-07
1398 2.353738e-07
1399 2.375734e-07
1400 2.442696e-07
1401 2.436656e-07
1402 2.439247e-07
1403 2.448935e-07
1404 2.509571e-07
1405 2.458740e-07
1406 2.470819e-07
1407 2.374735e-07
1408 2.244067e-07
1409 2.328523e-07
1410 2.129564e-07
1411 2.163213e-07
1412 2.254489e-07
1413 2.266679e-07
1414 2.235940e-07
1415 2.220774e-07
1416 2.175284e-07
1417 2.149010e-07
1418 2.139274e-07
1419 2.135777e-07
1420 2.101227e-07
1421 2.100018e-07
1422 2.130016e-07
1423 2.352739e-07
1424 2.335875e-07
1425 2.224966e-07
1426 2.290640e-07
1427 1.856099e-07
1428 1.679028e-07
1429 1.683335e-07
1430 1.818032e-07
1431 1.836153e-07
1432 1.867136e-07
1433 1.827512e-07
1434 1.791856e-07
1435 1.813355e-07
1436 1.859665e-07
1437 2.344239e-07
1438 1.922402e-07
1439 1.832614e-07
1440 1.821333e-07
1441 1.752425e-07
1442 2.085980e-07
1443 2.161234e-07
1444 2.511460e-07
1445 1.658603e-07
1446 6.967199e-07
1447 2.037421e-07
1448 4.690324e-07
1449 3.652602e-07
1450 2.433663e-07
1451 2.901905e-07
1452 2.345946e-07
1453 2.869503e-07
1454 2.956327e-07
1455 1.947621e-07
1456 1.528501e-07
1457 1.504120e-07
1458 1.594354e-07
1459 1.575271e-07
952 1.271306e-06
1460 1.567464e-07
1461 1.565390e-07
1462 1.566043e-07
1463 1.562047e-07
1464 1.583395e-07
1465 1.592233e-07
1466 1.589621e-07
1467 1.601873e-07
1468 1.574981e-07
1469 1.579273e-07
1470 1.580995e-07
1471 1.580691e-07
1472 1.585531e-07
1473 1.599130e-07
1474 1.609507e-07
1475 1.608447e-07
1476 1.608449e-07
1477 1.608625e-07
1478 1.604851e-07
1479 1.603628e-07
1480 1.602969e-07
1481 1.602904e-07
1482 1.601769e-07
1483 1.615905e-07
1484 1.596958e-07
1485 1.594460e-07
1486 1.588387e-07
1487 1.580886e-07
1488 1.571036e-07
1489 1.570880e-07
1490 1.570199e-07
1491 1.577435e-07
1492 1.570989e-07
1493 1.569109e-07
1494 1.568741e-07
1495 1.568991e-07
1496 1.571480e-07
1497 1.566847e-07
1498 1.564904e-07
1499 1.568788e-07

