------freq=0.75 Hz, tol=1.333333e-08--------
0 1.000000e+00
1 4.148704e-01
2 3.902326e-01
3 2.912279e-01
4 1.993768e-01
5 1.648549e-01
6 1.654385e-01
7 3.833677e-01
8 1.442336e-01
9 9.069518e-02
10 9.365763e-02
11 5.860533e-02
12 5.308582e-02
13 5.355486e-02
14 4.121080e-02
15 3.138445e-02
16 3.406274e-02
17 3.142204e-02
18 3.107733e-02
19 2.342209e-02
20 2.130509e-02
21 1.676368e-02
22 1.549527e-02
23 1.286933e-02
24 3.112505e-02
25 3.852157e-02
26 7.045405e-03
27 7.234653e-03
28 6.641126e-03
29 6.238655e-03
30 5.994559e-03
31 5.498371e-03
32 5.263751e-03
33 5.471744e-03
34 5.208346e-03
35 4.717344e-03
36 4.471641e-03
37 4.350182e-03
38 4.214275e-03
39 6.831787e-03
40 4.852843e-03
41 4.677564e-03
42 4.317898e-03
43 2.793285e-03
44 1.877626e-03
45 1.829545e-03
46 1.686652e-03
47 1.430775e-03
48 1.616809e-03
49 1.704974e-03
50 1.554225e-03
51 1.492793e-03
52 1.777351e-03
53 1.499726e-03
54 9.602488e-04
55 8.333098e-04
56 7.712157e-04
57 7.879527e-04
58 7.146614e-04
59 6.581720e-04
60 4.372796e-04
61 1.918296e-02
62 3.515388e-04
63 2.230200e-04
64 1.982008e-04
65 1.972186e-04
66 1.859227e-04
67 1.760779e-04
68 1.668371e-04
69 1.580558e-04
70 1.564100e-04
71 1.494431e-04
72 1.471284e-04
73 1.300393e-04
74 1.375021e-04
75 1.348733e-04
76 1.353720e-04
77 1.342173e-04
78 1.388677e-04
79 1.304198e-04
80 1.415627e-04
81 8.329962e-05
82 8.715391e-05
83 8.386744e-05
84 8.431586e-05
85 8.408464e-05
86 8.114153e-05
87 7.895348e-05
88 7.818919e-05
89 7.852173e-05
90 7.883223e-05
91 7.799851e-05
92 1.259640e-04
93 5.609824e-05
94 5.180134e-05
95 5.239351e-05
96 5.298129e-05
97 4.531610e-05
98 2.782847e-05
99 4.012857e-05
100 4.138781e-05
101 3.696133e-05
102 3.303883e-05
103 2.752500e-05
104 1.577229e-05
105 5.280717e-05
106 1.732974e-05
107 1.258000e-05
108 1.520139e-05
109 1.466172e-05
110 1.421521e-05
111 1.799040e-05
112 1.177844e-05
113 8.667762e-06
114 7.475599e-06
115 7.495294e-06
116 6.408628e-06
117 6.307236e-06
118 6.079209e-06
119 5.999428e-06
120 6.068828e-06
121 6.354898e-06
122 6.412526e-06
123 5.933855e-06
124 6.024928e-06
125 6.149027e-06
126 3.432119e-06
127 3.826042e-06
128 4.216613e-06
129 4.037809e-06
130 3.887016e-06
131 4.081164e-06
132 4.258833e-06
133 2.857642e-06
134 2.662699e-06
135 2.045909e-06
136 2.056240e-06
137 1.870303e-06
138 1.813798e-06
139 1.824422e-06
140 1.880200e-06
141 1.897130e-06
142 1.767701e-06
143 1.378973e-06
144 1.171191e-06
145 1.088025e-06
146 1.120229e-06
147 1.066182e-06
148 1.080590e-06
149 9.697776e-07
150 1.066585e-06
151 1.423002e-06
152 1.408980e-06
153 1.137652e-06
154 7.229035e-07
155 8.841013e-07
156 6.049574e-07
157 5.389193e-07
158 5.392307e-07
159 5.362201e-07
160 5.241274e-07
161 4.951174e-07
162 4.090168e-07
163 4.070377e-07
164 4.074059e-07
165 5.180108e-07
166 4.840500e-07
167 5.088779e-07
168 4.459924e-07
169 3.588825e-07
170 3.390796e-07
171 3.291363e-07
172 3.138660e-07
173 3.159547e-07
174 3.258563e-07
175 3.267103e-07
176 2.916010e-07
177 2.989641e-07
178 2.912729e-07
179 3.565093e-07
180 2.748138e-07
181 2.722421e-07
182 2.707435e-07
183 2.714195e-07
184 2.883375e-07
185 2.586083e-07
186 3.755933e-07
187 2.615404e-07
188 2.573248e-07
189 2.766394e-07
190 2.677594e-07
191 2.686444e-07
192 2.774314e-07
193 2.679013e-07
194 2.705823e-07
195 2.695640e-07
196 2.671443e-07
197 2.609065e-07
198 2.462975e-07
199 2.309927e-07
200 2.753946e-07
201 2.655219e-07
202 2.861356e-07
203 2.554005e-07
204 3.584499e-07
205 1.791199e-07
206 1.860216e-07
207 1.900520e-07
208 1.899809e-07
209 1.886318e-07
210 1.883524e-07
211 1.918485e-07
212 1.904411e-07
213 1.754943e-07
214 1.726818e-07
215 1.722655e-07
216 1.713475e-07
217 1.711073e-07
218 1.729629e-07
219 1.741742e-07
220 3.039969e-07
221 2.670928e-07
222 2.185440e-07
223 2.159164e-07
224 2.252253e-07
225 2.228587e-07
226 2.187718e-07
227 2.154303e-07
228 2.133846e-07
229 2.117589e-07
230 2.082875e-07
231 2.035699e-07
232 2.025214e-07
233 2.032941e-07
234 1.859111e-07
235 1.797867e-07
236 1.737016e-07
237 1.722766e-07
238 1.718006e-07
239 1.682931e-07
240 1.694441e-07
241 1.699494e-07
242 1.710247e-07
243 1.704552e-07
244 1.720980e-07
245 1.845007e-07
246 1.590079e-07
247 1.482906e-07
248 1.515884e-07
249 1.507264e-07
250 1.509919e-07
251 1.497092e-07
252 1.494471e-07
253 1.507929e-07
254 1.499793e-07
255 1.486455e-07
256 1.474614e-07
257 1.467120e-07
258 1.461948e-07
259 1.461719e-07
260 1.461393e-07
261 1.456362e-07
262 1.457869e-07
263 1.455338e-07
264 1.454410e-07
265 1.441926e-07
266 1.530722e-07
267 1.388863e-07
268 1.373665e-07
269 1.399322e-07
270 1.385572e-07
271 1.283271e-07
272 1.405422e-07
273 1.489336e-07
274 1.505892e-07
275 1.511154e-07
276 1.351881e-07
277 1.450418e-07
278 1.549360e-07
279 1.514907e-07
280 1.508965e-07
281 1.538507e-07
282 1.533353e-07
283 1.515691e-07
284 1.557965e-07
285 1.572074e-07
286 1.590105e-07
287 8.773806e-08
288 1.094333e-07
289 1.330698e-07
290 1.426837e-07
291 1.739818e-07
292 1.454603e-07
293 1.957221e-07
294 2.548833e-07
295 1.800464e-07
296 1.985084e-07
297 1.918350e-07
298 1.925427e-07
299 1.890278e-07
300 1.734063e-07
301 1.650232e-07
302 1.757252e-07
303 1.433514e-07
304 2.538999e-07
305 2.689293e-07
306 2.444844e-07
307 2.043484e-07
308 2.024479e-07
309 8.754272e-08
310 9.621552e-08
311 1.063842e-07
312 9.939242e-08
313 1.001300e-07
314 1.022148e-07
315 9.103328e-08
316 8.357596e-08
317 7.639750e-08
318 1.065399e-07
319 5.808311e-08
320 5.598064e-08
321 5.746207e-08
322 6.307770e-08
323 6.129486e-08
324 6.266297e-08
325 6.240747e-08
326 6.115708e-08
327 6.012176e-08
328 5.981145e-08
329 5.937074e-08
330 6.738813e-08
331 6.017508e-08
332 5.881858e-08
333 5.744699e-08
334 5.658675e-08
335 5.554228e-08
336 5.532137e-08
337 5.532506e-08
338 5.514144e-08
339 5.307638e-08
340 5.300445e-08
341 5.289663e-08
342 5.225860e-08
343 5.227607e-08
344 5.219549e-08
345 5.249201e-08
346 9.323039e-08
347 1.074710e-07
348 6.002856e-08
349 5.042275e-08
350 5.180072e-08
351 4.982297e-08
352 4.944896e-08
353 4.936037e-08
354 4.923154e-08
355 4.915547e-08
356 4.901263e-08
357 4.938067e-08
358 4.839726e-08
359 4.876689e-08
360 4.876541e-08
361 4.868824e-08
362 4.870398e-08
363 4.858083e-08
364 4.863265e-08
365 4.852107e-08
366 4.833089e-08
367 4.849095e-08
368 4.846104e-08
369 4.834886e-08
370 4.791941e-08
371 4.794395e-08
372 4.741052e-08
373 4.723373e-08
374 4.691064e-08
375 4.774574e-08
376 4.648735e-08
377 4.442595e-08
378 4.517906e-08
379 4.603223e-08
380 4.712316e-08
381 4.699724e-08
382 4.477975e-08
383 4.704916e-08
384 4.672609e-08
385 4.606948e-08
386 4.710473e-08
387 4.517936e-08
388 4.507720e-08
389 4.530921e-08
390 4.498691e-08
391 4.504854e-08
392 4.212589e-08
393 4.325094e-08
394 4.326714e-08
395 4.303822e-08
396 4.217213e-08
397 4.173144e-08
398 4.133284e-08
399 4.117117e-08
400 4.139108e-08
401 4.135010e-08
402 4.289646e-08
403 4.186575e-08
404 4.142418e-08
405 4.122626e-08
406 4.107977e-08
407 4.097767e-08
408 4.092123e-08
409 4.081295e-08
410 4.074508e-08
411 4.155091e-08
412 4.174502e-08
413 4.033941e-08
414 3.913958e-08
415 4.065088e-08
416 4.037431e-08
417 4.035893e-08
418 4.032813e-08
419 4.043471e-08
420 4.025912e-08
421 4.046818e-08
422 4.241470e-08
423 4.426139e-08
424 4.117258e-08
425 4.169316e-08
426 4.409845e-08
427 4.188730e-08
428 4.145181e-08
429 4.158429e-08
430 4.130604e-08
431 3.947485e-08
432 4.351427e-08
433 4.034482e-08
434 4.095013e-08
435 3.837014e-08
436 3.841159e-08
437 3.870626e-08
438 3.872436e-08
439 3.866205e-08
440 3.858700e-08
441 3.809436e-08
442 3.775308e-08
443 3.781529e-08
444 3.759823e-08
445 3.808603e-08
446 3.733466e-08
447 3.934560e-08
448 3.756064e-08
449 3.534985e-08
450 3.164794e-08
451 3.411992e-08
452 2.969216e-08
453 3.240774e-08
454 3.101363e-08
455 3.162389e-08
456 3.142445e-08
457 3.223173e-08
458 3.337048e-08
459 3.105144e-08
460 3.084109e-08
461 3.111890e-08
462 3.183673e-08
463 3.601775e-08
464 3.510634e-08
465 3.146622e-08
466 2.735846e-08
467 2.735549e-08
468 2.730141e-08
469 2.738287e-08
470 2.918894e-08
471 2.747419e-08
472 2.615311e-08
473 2.488610e-08
474 2.432982e-08
475 2.424913e-08
476 2.419373e-08
477 2.459439e-08
478 2.326408e-08
479 2.316473e-08
480 2.287994e-08
481 2.282165e-08
482 2.378607e-08
483 2.330043e-08
484 2.771494e-08
485 2.924740e-08
486 2.802543e-08
487 2.531087e-08
488 2.734939e-08
489 2.712024e-08
490 2.714928e-08
491 2.573626e-08
492 2.527721e-08
493 2.639593e-08
494 2.636616e-08
495 2.671604e-08
496 2.637534e-08
497 2.713818e-08
498 2.748273e-08
499 2.744343e-08
500 2.746533e-08
501 2.749298e-08
502 2.725535e-08
503 2.722825e-08
504 2.726071e-08
505 2.725295e-08
506 2.722893e-08
507 2.720708e-08
508 2.721616e-08
509 2.718155e-08
510 2.722828e-08
511 2.705677e-08
512 2.794320e-08
513 2.743035e-08
514 2.740983e-08
515 2.752182e-08
516 2.757402e-08
517 2.780118e-08
518 2.822750e-08
519 2.831022e-08
520 2.828175e-08
521 2.816076e-08
522 2.817071e-08
523 2.843226e-08
524 2.968452e-08
525 2.807888e-08
526 2.799582e-08
527 2.759054e-08
528 2.749423e-08
529 2.747443e-08
530 2.741374e-08
531 2.738953e-08
532 2.724887e-08
533 2.726316e-08
534 2.736110e-08
535 2.708869e-08
536 2.705047e-08
537 2.693418e-08
538 2.691146e-08
539 2.692037e-08
540 2.691363e-08
541 2.689256e-08
542 2.695038e-08
543 2.698199e-08
544 2.694734e-08
545 2.694900e-08
546 2.666896e-08
547 2.651150e-08
548 2.646875e-08
549 2.636608e-08
550 2.623829e-08
551 2.626328e-08
552 2.622715e-08
553 2.623190e-08
554 2.622954e-08
555 2.624024e-08
556 2.579120e-08
557 2.576911e-08
558 2.521683e-08
559 2.528060e-08
560 2.486246e-08
561 2.482820e-08
562 2.538090e-08
563 2.541374e-08
564 2.582369e-08
565 2.584556e-08
566 2.605872e-08
567 2.477222e-08
568 2.468393e-08
569 2.327258e-08
570 2.351821e-08
571 2.317242e-08
572 2.318536e-08
573 2.308792e-08
574 2.307461e-08
575 2.564841e-08
576 2.196849e-08
577 2.161505e-08
578 2.164065e-08
579 2.048842e-08
580 2.087019e-08
581 1.915631e-08
582 1.892448e-08
583 1.803116e-08
584 1.661953e-08
585 1.585283e-08
586 1.552512e-08
587 1.536877e-08
588 1.551160e-08
589 1.540383e-08
590 1.578547e-08
591 1.630208e-08
592 2.007588e-08
593 2.676100e-08
594 6.112731e-08
595 1.566826e-08
596 3.783664e-08
597 3.796450e-08
598 8.343839e-08
599 8.750339e-08
600 1.968710e-08
601 1.984822e-08
602 3.039831e-08
603 2.951836e-08
604 2.932812e-08
605 2.936027e-08
606 3.380709e-08
607 3.285268e-08
608 2.359167e-08
609 2.634680e-08
610 2.163334e-08
611 1.891708e-08
612 1.864065e-08
613 1.913141e-08
614 1.933413e-08
615 1.898825e-08
616 1.847324e-08
617 1.816965e-08
618 1.779570e-08
619 1.675578e-08
620 1.697535e-08
621 1.578103e-08
622 1.788174e-08
623 1.747692e-08
624 1.745095e-08
625 1.742921e-08
626 1.740417e-08
627 1.740983e-08
628 1.730312e-08
629 1.637839e-08
630 1.657173e-08
631 1.676395e-08
632 1.685155e-08
633 1.614710e-08
634 1.640542e-08
635 1.643270e-08
636 1.634059e-08
637 1.642293e-08
638 1.644436e-08
639 1.639532e-08
640 1.655969e-08
641 1.635367e-08
642 1.663963e-08
643 1.657115e-08
644 1.677546e-08
645 1.670559e-08
646 1.659540e-08
647 1.666422e-08
648 1.649944e-08
649 1.629961e-08
650 1.625055e-08
651 1.611847e-08
652 1.604371e-08
653 1.586373e-08
654 1.544176e-08
655 1.621192e-08
656 1.589439e-08
657 1.590442e-08
658 1.586548e-08
659 1.586128e-08
660 1.587134e-08
661 1.587748e-08
662 1.581460e-08
663 1.578870e-08
664 1.568859e-08
665 1.560145e-08
666 1.562207e-08
667 1.562591e-08
668 1.558448e-08
669 1.557312e-08
670 1.550328e-08
671 1.551601e-08
672 1.552413e-08
673 1.552734e-08
674 1.550191e-08
675 1.558017e-08
676 1.546982e-08
677 1.544884e-08
678 1.543687e-08
679 1.541043e-08
680 1.539807e-08
681 1.537258e-08
682 1.536412e-08
683 1.534516e-08
684 1.533301e-08
685 1.531815e-08
686 1.531918e-08
687 1.536597e-08
688 1.536161e-08
689 1.520260e-08
690 1.515124e-08
691 1.505510e-08
692 1.505683e-08
693 1.503047e-08
694 1.532104e-08
695 1.739077e-08
696 9.918952e-08
