------freq=0.5 Hz, tol=2.000000e-08--------
0 1.000000e+00
1 4.154322e-01
2 3.972176e-01
3 3.439091e-01
4 2.339295e-01
5 1.908380e-01
6 1.748010e-01
7 1.874630e-01
8 3.479678e-01
9 1.829109e-01
10 1.113583e-01
11 9.218828e-02
12 8.891317e-02
13 5.939674e-02
14 4.942625e-02
15 4.675651e-02
16 4.231528e-02
17 3.059201e-02
18 3.312268e-02
19 3.226739e-02
20 2.679311e-02
21 2.482916e-02
22 2.187575e-02
23 2.044660e-02
24 1.850122e-02
25 1.604841e-02
26 1.571187e-02
27 1.371285e-02
28 1.270626e-02
29 1.134890e-02
30 1.281980e-02
31 1.159836e-02
32 9.656309e-03
33 7.152191e-03
34 9.400959e-03
35 5.079968e-03
36 5.224113e-03
37 5.076574e-03
38 4.922507e-03
39 4.913333e-03
40 4.697097e-03
41 4.445419e-03
42 4.669702e-03
43 4.286449e-03
44 4.729998e-03
45 4.720696e-03
46 4.951511e-03
47 4.463791e-03
48 5.907897e-03
49 1.016949e-02
50 1.272303e-02
51 6.390359e-03
52 1.865512e-01
53 2.741526e-02
54 1.310681e-02
55 2.654841e-03
56 1.665284e-03
57 1.257603e-03
58 1.634234e-03
59 1.778330e-03
60 2.155209e-03
61 2.106342e-03
62 2.177868e-03
63 2.505823e-03
64 2.339789e-03
65 2.176154e-03
66 2.122564e-03
67 1.821535e-03
68 1.679296e-03
69 1.304005e-03
70 1.724311e-03
71 6.337178e-03
72 4.999594e-04
73 4.901661e-04
74 5.057385e-04
75 4.572947e-04
76 4.499951e-04
77 4.571163e-04
78 2.619406e-04
79 4.504468e-04
80 4.043579e-04
81 3.894179e-04
82 2.483859e-04
83 2.248033e-04
84 1.775657e-04
85 1.747315e-04
86 1.718344e-04
87 1.643408e-04
88 1.624526e-04
89 1.569007e-04
90 1.445294e-04
91 1.378303e-04
92 1.314374e-04
93 1.243659e-04
94 1.228089e-04
95 1.203868e-04
96 1.183790e-04
97 1.164469e-04
98 1.186914e-04
99 1.183130e-04
100 1.277824e-04
101 1.263093e-04
102 1.130367e-04
103 1.123867e-04
104 1.105530e-04
105 1.080827e-04
106 1.088092e-04
107 1.632087e-04
108 1.094220e-04
109 8.281089e-05
110 8.160623e-05
111 7.792138e-05
112 7.481342e-05
113 1.221912e-04
114 9.721981e-05
115 1.512508e-04
116 6.691141e-05
117 9.747794e-05
118 1.342451e-04
119 1.614963e-04
120 2.382791e-05
121 5.484220e-05
122 3.691924e-05
123 3.235058e-05
124 2.276063e-05
125 4.953812e-05
126 4.588156e-05
127 2.648871e-05
128 2.792165e-05
129 2.543025e-05
130 2.521427e-05
131 2.033657e-05
132 2.054088e-05
133 2.122310e-05
134 1.647618e-05
135 1.656295e-05
136 1.624827e-05
137 1.699083e-05
138 1.447411e-05
139 1.355291e-05
140 1.347853e-05
141 1.355574e-05
142 1.350148e-05
143 1.323584e-05
144 1.150741e-05
145 8.732735e-06
146 8.809280e-06
147 1.035259e-05
148 1.048107e-05
149 9.983560e-06
150 8.940435e-06
151 8.454579e-06
152 7.445820e-06
153 1.535702e-05
154 1.065772e-05
155 9.922625e-06
156 8.941373e-06
157 7.396937e-06
158 7.083017e-06
159 6.966225e-06
160 6.940936e-06
161 6.950232e-06
162 6.446918e-06
163 5.884751e-06
164 5.905183e-06
165 4.408791e-06
166 5.245533e-06
167 5.122340e-06
168 4.810774e-06
169 5.185692e-06
170 5.073171e-06
171 3.192880e-06
172 2.957758e-06
173 2.943305e-06
174 2.267971e-06
175 2.230212e-06
176 1.839152e-06
177 2.058432e-06
178 2.022577e-06
179 1.944166e-06
180 1.913153e-06
181 1.927116e-06
182 2.006351e-06
183 2.047538e-06
184 1.931414e-06
185 1.471849e-06
186 9.325798e-07
187 1.571236e-06
188 2.401547e-06
189 2.661473e-06
190 3.124135e-06
191 2.847098e-06
192 2.643912e-06
193 2.400395e-06
194 2.635971e-06
195 1.714856e-06
196 1.813894e-06
197 1.761641e-06
198 1.145986e-06
199 1.147522e-06
200 1.540374e-06
201 1.312845e-06
202 1.326392e-06
203 1.309406e-06
204 1.307753e-06
205 1.230163e-06
206 1.208144e-06
207 1.186362e-06
208 1.192686e-06
209 1.191646e-06
210 1.114794e-06
211 1.139475e-06
212 1.129397e-06
213 1.119034e-06
214 1.158613e-06
215 1.212974e-06
216 1.193434e-06
217 1.186891e-06
218 1.208229e-06
219 1.214224e-06
220 1.196798e-06
221 9.772248e-07
222 8.451263e-07
223 7.328339e-07
224 8.447038e-07
225 8.400025e-07
226 7.501856e-07
227 7.284383e-07
228 7.254295e-07
229 8.038561e-07
230 7.643068e-07
231 9.844251e-07
232 9.551754e-07
233 8.912023e-07
234 8.489715e-07
235 8.686172e-07
236 8.905499e-07
237 7.845818e-07
238 2.459501e-06
239 8.926019e-07
240 1.305260e-06
241 1.140825e-06
242 1.113896e-06
243 1.095169e-06
244 1.116905e-06
245 1.122896e-06
246 1.231976e-06
247 8.550018e-06
248 1.578508e-06
249 1.123349e-06
250 1.093659e-06
251 1.087037e-06
252 1.067558e-06
253 1.044442e-06
254 1.018961e-06
255 1.009286e-06
256 1.006457e-06
257 1.013320e-06
258 5.926470e-07
259 7.344422e-07
260 4.814816e-07
261 4.935400e-07
262 6.584771e-07
263 6.635543e-07
264 7.278176e-07
265 7.250579e-07
266 8.097743e-07
267 8.072842e-07
268 7.942434e-07
269 7.925318e-07
270 7.603970e-07
271 6.932580e-07
272 7.734624e-07
273 7.370642e-07
274 1.071811e-06
275 2.538757e-06
276 2.441154e-06
277 2.351354e-06
278 7.016798e-07
279 4.565578e-07
280 5.899562e-07
281 5.412045e-07
282 1.078724e-06
283 6.117917e-07
284 6.819117e-07
285 6.509327e-07
286 6.547774e-07
287 6.450299e-07
288 6.817322e-07
289 7.455222e-07
290 7.182816e-07
291 7.640493e-07
292 7.065760e-07
293 6.952682e-07
294 6.714214e-07
295 6.712406e-07
296 6.670319e-07
297 6.381415e-07
298 6.329164e-07
299 7.295164e-07
300 6.824692e-07
301 6.299046e-07
302 6.097175e-07
303 5.583069e-07
304 6.153330e-07
305 9.226442e-07
306 6.361022e-07
307 6.359919e-07
308 5.518962e-07
309 5.478760e-07
310 5.414933e-07
311 5.160925e-07
312 7.002728e-07
313 6.176488e-07
314 6.561551e-07
315 7.013116e-07
316 9.473274e-07
317 9.019293e-07
318 8.853988e-07
319 6.149788e-07
320 6.838507e-07
321 6.752809e-07
322 6.787359e-07
323 6.716166e-07
324 6.848865e-07
325 6.469143e-07
326 6.188657e-07
327 6.005000e-07
328 5.854304e-07
329 5.770755e-07
330 5.839241e-07
331 5.744649e-07
332 5.659491e-07
333 5.914520e-07
334 5.815054e-07
335 5.612113e-07
336 5.273310e-07
337 5.080584e-07
338 4.908737e-07
339 5.185697e-07
340 4.916153e-07
341 4.707759e-07
342 5.270312e-07
343 5.219051e-07
344 5.185890e-07
345 5.184556e-07
346 5.082809e-07
347 5.055223e-07
348 5.020167e-07
349 5.114871e-07
350 5.103811e-07
351 6.489964e-07
352 8.942539e-07
353 4.614825e-07
354 5.207731e-07
355 5.275113e-07
356 4.244259e-07
357 3.554750e-07
358 3.394849e-07
359 3.623177e-07
360 3.311018e-07
361 3.296041e-07
362 3.290754e-07
363 3.221142e-07
364 3.214080e-07
365 3.212921e-07
366 3.285210e-07
367 3.273076e-07
368 3.265201e-07
369 3.192551e-07
370 3.333874e-07
371 3.162910e-07
372 3.164696e-07
373 3.135170e-07
374 3.143838e-07
375 3.158539e-07
376 3.136280e-07
377 3.111042e-07
378 3.078554e-07
379 3.059117e-07
380 3.150381e-07
381 3.166168e-07
382 3.139066e-07
383 3.142343e-07
384 3.113056e-07
385 3.126267e-07
386 3.144248e-07
387 3.097018e-07
388 3.013343e-07
389 3.102678e-07
390 3.003727e-07
391 3.110424e-07
392 3.120023e-07
393 3.149722e-07
394 3.116159e-07
395 3.110951e-07
396 3.097633e-07
397 3.124157e-07
398 3.183635e-07
399 3.174330e-07
400 9.147736e-07
401 8.236018e-07
402 7.356968e-07
403 2.075975e-07
404 2.636795e-07
405 2.624835e-07
406 2.176238e-07
407 1.781126e-07
408 2.848741e-07
409 2.631172e-07
410 1.349516e-07
411 1.619940e-07
412 1.471631e-07
413 1.461307e-07
414 1.963261e-07
415 1.519158e-07
416 3.540185e-07
417 3.194439e-07
418 1.452738e-07
419 6.870022e-07
420 5.288428e-06
421 7.918011e-07
422 5.138179e-07
423 7.866698e-07
424 2.627183e-07
425 3.556879e-07
426 3.775099e-07
427 3.327665e-07
428 3.788110e-07
429 4.108955e-07
430 4.897409e-07
431 5.367131e-07
432 5.671588e-07
433 4.432774e-07
434 3.604519e-07
435 2.012126e-07
436 2.720504e-07
437 3.045305e-07
438 2.655196e-07
439 2.515130e-07
440 2.491987e-07
441 2.402344e-07
442 2.462050e-07
443 2.693947e-07
444 2.810471e-07
445 3.236131e-07
446 1.972286e-07
447 1.711522e-07
448 1.366064e-07
449 1.820888e-07
450 1.162211e-07
451 9.533891e-08
452 1.060701e-07
453 1.126474e-07
454 1.112769e-07
455 1.380416e-07
456 1.246171e-07
457 1.277154e-07
458 1.266457e-07
459 1.231383e-07
460 1.163761e-07
461 1.176734e-07
462 1.200619e-07
463 1.186686e-07
464 1.276098e-07
465 1.178031e-07
466 1.175388e-07
467 1.094687e-07
468 1.063251e-07
469 9.346257e-08
470 9.454106e-08
471 9.287600e-08
472 1.360783e-07
473 1.852456e-07
474 8.182186e-08
475 8.146282e-08
476 8.033034e-08
477 8.245076e-08
478 8.279644e-08
479 8.277765e-08
480 8.167964e-08
481 8.238649e-08
482 8.352348e-08
483 8.578035e-08
484 8.879175e-08
485 8.853650e-08
486 8.755950e-08
487 7.646668e-08
488 1.261487e-07
489 7.460525e-08
490 7.392617e-08
491 7.395347e-08
492 7.400799e-08
493 7.386574e-08
494 7.383149e-08
495 7.387023e-08
496 7.365529e-08
497 7.354710e-08
498 7.355769e-08
499 7.348800e-08
500 7.393353e-08
501 7.394260e-08
502 6.884301e-08
503 6.687786e-08
504 6.717027e-08
505 6.665470e-08
506 6.641252e-08
507 6.639784e-08
508 6.622933e-08
509 6.612731e-08
510 6.610667e-08
511 6.608338e-08
512 6.520263e-08
513 6.576582e-08
514 6.596263e-08
515 6.595952e-08
516 6.519861e-08
517 6.481669e-08
518 6.507024e-08
519 6.426028e-08
520 6.446103e-08
521 6.437261e-08
522 6.449534e-08
523 6.442688e-08
524 6.597770e-08
525 6.722806e-08
526 6.564805e-08
527 6.521534e-08
528 6.483112e-08
529 6.468963e-08
530 6.453594e-08
531 6.442753e-08
532 6.437420e-08
533 6.427152e-08
534 6.465489e-08
535 6.488368e-08
536 6.521969e-08
537 6.264464e-08
538 6.301434e-08
539 6.056316e-08
540 6.083216e-08
541 6.136660e-08
542 5.956653e-08
543 6.094858e-08
544 6.301665e-08
545 6.210934e-08
546 6.151449e-08
547 6.210099e-08
548 6.283808e-08
549 6.208827e-08
550 6.212515e-08
551 6.421968e-08
552 6.197645e-08
553 6.197164e-08
554 6.182511e-08
555 6.168968e-08
556 6.157893e-08
557 6.151637e-08
558 6.133951e-08
559 6.126658e-08
560 6.137132e-08
561 6.156606e-08
562 6.155198e-08
563 6.181946e-08
564 6.249190e-08
565 6.114620e-08
566 5.839548e-08
567 6.116479e-08
568 6.116778e-08
569 6.018741e-08
570 6.005947e-08
571 6.010366e-08
572 5.914407e-08
573 5.971155e-08
574 5.962971e-08
575 5.976654e-08
576 9.107639e-08
577 6.162770e-08
578 5.655516e-08
579 5.799894e-08
580 5.875209e-08
581 5.702525e-08
582 5.751680e-08
583 5.650608e-08
584 5.800178e-08
585 5.924960e-08
586 5.864529e-08
587 5.693457e-08
588 5.703993e-08
589 5.687917e-08
590 5.713372e-08
591 5.878646e-08
592 5.891879e-08
593 5.883806e-08
594 5.826284e-08
595 5.985303e-08
596 6.054748e-08
597 6.891728e-08
598 7.115684e-08
599 7.090490e-08
600 7.046260e-08
601 7.061229e-08
602 6.717822e-08
603 7.140841e-08
604 7.175878e-08
605 7.103245e-08
606 6.730620e-08
607 6.713459e-08
608 6.774410e-08
609 6.829804e-08
610 6.828114e-08
611 6.857665e-08
612 6.759767e-08
613 6.785556e-08
614 6.765317e-08
615 6.738573e-08
616 6.796167e-08
617 6.817179e-08
618 6.791000e-08
619 6.799856e-08
620 6.783540e-08
621 6.931746e-08
622 7.011593e-08
623 6.974034e-08
624 6.962606e-08
625 6.853803e-08
626 7.133696e-08
627 7.136228e-08
628 7.223462e-08
629 6.866746e-08
630 7.474912e-08
631 8.262797e-08
632 9.541433e-08
633 9.215865e-08
634 1.063318e-07
635 7.381394e-08
636 4.554421e-08
637 6.194833e-08
638 7.657101e-08
639 7.262178e-08
640 7.581124e-08
641 8.078543e-08
642 7.664499e-08
643 7.531362e-08
644 7.408033e-08
645 7.439192e-08
646 7.703614e-08
647 7.743290e-08
648 7.391693e-08
649 3.940523e-08
650 4.482139e-08
651 5.016732e-08
652 6.485053e-08
653 4.009234e-08
654 4.833516e-08
655 1.286773e-07
656 1.291932e-07
657 1.370749e-07
658 2.039282e-07
659 2.559173e-07
660 8.761445e-08
661 8.190363e-08
662 5.741287e-08
663 4.610378e-08
664 4.726921e-08
665 4.679422e-08
666 4.699305e-08
667 4.364723e-08
668 5.547988e-07
669 4.881586e-08
670 4.902879e-08
671 4.702540e-08
672 4.668005e-08
673 4.457686e-08
674 4.461059e-08
675 4.433182e-08
676 4.451287e-08
677 4.449459e-08
678 4.448824e-08
679 4.448129e-08
680 4.452073e-08
681 4.396911e-08
682 4.454400e-08
683 4.715578e-08
684 4.781058e-08
685 4.858903e-08
686 4.661971e-08
687 4.669156e-08
688 4.676007e-08
689 4.696189e-08
690 4.488278e-08
691 4.492960e-08
692 4.540971e-08
693 4.586202e-08
694 4.551994e-08
695 4.546012e-08
696 4.540208e-08
697 4.538850e-08
698 4.519233e-08
699 4.516411e-08
700 4.441830e-08
701 4.474086e-08
702 4.485873e-08
703 4.504071e-08
704 4.513638e-08
705 4.501318e-08
706 4.205771e-08
707 4.146583e-08
708 4.180288e-08
709 4.246738e-08
710 4.247772e-08
711 4.379093e-08
712 4.282992e-08
713 4.273422e-08
714 4.272865e-08
715 4.272040e-08
716 4.268943e-08
717 4.260328e-08
718 4.254020e-08
719 4.254881e-08
720 4.260548e-08
721 4.244196e-08
722 4.247591e-08
723 4.238683e-08
724 4.237997e-08
725 4.237048e-08
726 4.271036e-08
727 4.235307e-08
728 4.237441e-08
729 4.236322e-08
730 4.257599e-08
731 4.239138e-08
732 4.227485e-08
733 4.066787e-08
734 4.188179e-08
735 4.080463e-08
736 4.982481e-08
737 5.057063e-08
738 5.014923e-08
739 4.565496e-08
740 4.540757e-08
741 4.486285e-08
742 4.516503e-08
743 4.510110e-08
744 4.503216e-08
745 4.531885e-08
746 4.520425e-08
747 4.524291e-08
748 4.494807e-08
749 4.501028e-08
750 4.443020e-08
751 4.344426e-08
752 5.810141e-08
753 3.116426e-08
754 3.809146e-08
755 4.694878e-08
756 4.263301e-08
757 4.435807e-08
758 4.427395e-08
759 4.238834e-08
760 4.304790e-08
761 4.269281e-08
762 4.259596e-08
763 4.529889e-08
764 4.574473e-08
765 3.743378e-08
766 3.585816e-08
767 3.623440e-08
768 3.750981e-08
769 3.501288e-08
770 3.233082e-08
771 3.498715e-08
772 3.680280e-08
773 3.634858e-08
774 3.021427e-08
775 3.037409e-08
776 3.046746e-08
777 3.038283e-08
778 3.061431e-08
779 3.037365e-08
780 2.807056e-08
781 2.838701e-08
782 2.783904e-08
783 2.709126e-08
784 2.714093e-08
785 2.702297e-08
786 2.703787e-08
787 2.743819e-08
788 2.798194e-08
789 2.922379e-08
790 2.930888e-08
791 2.918059e-08
792 2.926364e-08
793 2.981917e-08
794 2.924461e-08
795 2.913860e-08
796 2.895536e-08
797 2.878145e-08
798 2.819280e-08
799 2.903754e-08
800 2.933232e-08
801 2.905028e-08
802 2.866035e-08
803 2.874823e-08
804 2.878221e-08
805 2.874026e-08
806 2.859480e-08
807 2.811851e-08
808 2.952835e-08
809 2.722253e-08
810 2.803887e-08
811 2.800550e-08
812 2.838929e-08
813 2.826183e-08
814 2.829564e-08
815 2.837543e-08
816 2.837725e-08
817 2.838774e-08
818 2.834790e-08
819 2.814116e-08
820 2.802387e-08
821 2.687375e-08
822 2.678832e-08
823 2.628320e-08
824 2.665526e-08
825 2.617601e-08
826 2.601236e-08
827 2.540531e-08
828 2.902865e-08
829 2.649095e-08
830 2.551000e-08
831 2.244501e-08
832 2.406327e-08
833 3.024260e-08
834 3.471473e-08
835 3.369377e-08
836 3.518133e-08
837 3.283753e-08
838 3.313566e-08
839 3.162649e-08
840 3.162164e-08
841 3.130299e-08
842 3.167599e-08
843 3.091163e-08
844 2.627870e-08
845 3.091197e-08
846 3.028413e-08
847 2.640024e-08
848 2.624114e-08
849 2.602275e-08
850 2.592211e-08
851 2.600066e-08
852 2.610969e-08
853 2.589361e-08
854 2.669011e-08
855 2.584289e-08
856 2.584022e-08
857 2.586062e-08
858 2.599302e-08
859 2.590224e-08
860 2.586187e-08
861 2.584421e-08
862 2.583527e-08
863 2.582982e-08
864 2.601484e-08
865 2.586308e-08
866 2.573767e-08
867 2.570350e-08
868 2.561823e-08
869 2.558137e-08
870 2.554262e-08
871 2.552419e-08
872 2.548268e-08
873 2.549194e-08
874 2.520377e-08
875 2.513135e-08
876 2.511015e-08
877 2.492520e-08
878 2.469212e-08
879 2.452353e-08
880 2.449975e-08
881 2.450314e-08
882 2.447589e-08
883 2.461448e-08
884 2.462905e-08
885 2.502552e-08
886 2.500195e-08
887 2.545377e-08
888 2.557689e-08
889 2.588221e-08
890 2.627699e-08
891 2.712168e-08
892 2.640649e-08
893 2.621686e-08
894 2.623700e-08
895 2.634581e-08
896 2.641272e-08
897 2.534081e-08
898 2.479994e-08
899 2.404789e-08
900 2.423661e-08
901 2.404105e-08
902 2.420714e-08
903 2.414206e-08
904 2.392379e-08
905 2.410701e-08
906 2.401532e-08
907 2.562057e-08
908 2.080367e-08
909 2.089210e-08
910 2.175064e-08
911 2.137101e-08
912 2.158466e-08
913 2.173417e-08
914 2.283581e-08
915 2.262757e-08
