x   y   z  azimulth   dip   irec
3.793750e+05 	 7.517812e+06 	 6.025170e+02 	 0 	 0 	 1
3.794750e+05 	 7.517812e+06 	 6.042487e+02 	 0 	 0 	 2
3.795750e+05 	 7.517812e+06 	 6.059481e+02 	 0 	 0 	 3
3.796750e+05 	 7.517812e+06 	 6.076584e+02 	 0 	 0 	 4
3.797750e+05 	 7.517812e+06 	 6.094396e+02 	 0 	 0 	 5
3.798750e+05 	 7.517812e+06 	 6.113032e+02 	 0 	 0 	 6
3.799750e+05 	 7.517812e+06 	 6.131840e+02 	 0 	 0 	 7
3.800750e+05 	 7.517812e+06 	 6.150198e+02 	 0 	 0 	 8
3.801750e+05 	 7.517812e+06 	 6.167509e+02 	 0 	 0 	 9
3.802750e+05 	 7.517812e+06 	 6.182880e+02 	 0 	 0 	 10
3.803750e+05 	 7.517812e+06 	 6.196132e+02 	 0 	 0 	 11
3.804750e+05 	 7.517812e+06 	 6.207729e+02 	 0 	 0 	 12
3.805750e+05 	 7.517812e+06 	 6.218369e+02 	 0 	 0 	 13
3.806750e+05 	 7.517812e+06 	 6.229073e+02 	 0 	 0 	 14
3.807750e+05 	 7.517812e+06 	 6.241170e+02 	 0 	 0 	 15
3.808750e+05 	 7.517812e+06 	 6.254918e+02 	 0 	 0 	 16
3.809750e+05 	 7.517812e+06 	 6.270031e+02 	 0 	 0 	 17
3.810750e+05 	 7.517812e+06 	 6.286137e+02 	 0 	 0 	 18
3.811750e+05 	 7.517812e+06 	 6.303167e+02 	 0 	 0 	 19
3.812750e+05 	 7.517812e+06 	 6.321217e+02 	 0 	 0 	 20
3.813750e+05 	 7.517812e+06 	 6.340047e+02 	 0 	 0 	 21
3.814750e+05 	 7.517812e+06 	 6.359288e+02 	 0 	 0 	 22
3.815750e+05 	 7.517812e+06 	 6.378536e+02 	 0 	 0 	 23
3.816750e+05 	 7.517812e+06 	 6.397426e+02 	 0 	 0 	 24
3.817750e+05 	 7.517812e+06 	 6.415635e+02 	 0 	 0 	 25
3.818750e+05 	 7.517812e+06 	 6.433100e+02 	 0 	 0 	 26
3.819750e+05 	 7.517812e+06 	 6.449969e+02 	 0 	 0 	 27
3.820750e+05 	 7.517812e+06 	 6.466384e+02 	 0 	 0 	 28
3.821750e+05 	 7.517812e+06 	 6.482462e+02 	 0 	 0 	 29
3.822750e+05 	 7.517812e+06 	 6.498386e+02 	 0 	 0 	 30
3.823750e+05 	 7.517812e+06 	 6.514333e+02 	 0 	 0 	 31
3.824750e+05 	 7.517812e+06 	 6.530443e+02 	 0 	 0 	 32
3.825750e+05 	 7.517812e+06 	 6.546865e+02 	 0 	 0 	 33
3.826750e+05 	 7.517812e+06 	 6.563892e+02 	 0 	 0 	 34
3.827750e+05 	 7.517812e+06 	 6.581906e+02 	 0 	 0 	 35
3.828750e+05 	 7.517812e+06 	 6.601044e+02 	 0 	 0 	 36
3.829750e+05 	 7.517812e+06 	 6.620994e+02 	 0 	 0 	 37
3.830750e+05 	 7.517812e+06 	 6.641142e+02 	 0 	 0 	 38
3.831750e+05 	 7.517812e+06 	 6.660585e+02 	 0 	 0 	 39
3.832750e+05 	 7.517812e+06 	 6.678324e+02 	 0 	 0 	 40
3.833750e+05 	 7.517812e+06 	 6.694625e+02 	 0 	 0 	 41
3.834750e+05 	 7.517812e+06 	 6.710011e+02 	 0 	 0 	 42
3.835750e+05 	 7.517812e+06 	 6.724804e+02 	 0 	 0 	 43
3.836750e+05 	 7.517812e+06 	 6.739250e+02 	 0 	 0 	 44
3.837750e+05 	 7.517812e+06 	 6.753623e+02 	 0 	 0 	 45
3.838750e+05 	 7.517812e+06 	 6.768284e+02 	 0 	 0 	 46
3.839750e+05 	 7.517812e+06 	 6.783552e+02 	 0 	 0 	 47
3.840750e+05 	 7.517812e+06 	 6.799688e+02 	 0 	 0 	 48
3.841750e+05 	 7.517812e+06 	 6.817002e+02 	 0 	 0 	 49
3.842750e+05 	 7.517812e+06 	 6.835767e+02 	 0 	 0 	 50
3.843750e+05 	 7.517812e+06 	 6.855897e+02 	 0 	 0 	 51
3.844750e+05 	 7.517812e+06 	 6.876975e+02 	 0 	 0 	 52
3.845750e+05 	 7.517812e+06 	 6.898593e+02 	 0 	 0 	 53
3.846750e+05 	 7.517812e+06 	 6.920472e+02 	 0 	 0 	 54
3.847750e+05 	 7.517812e+06 	 6.942374e+02 	 0 	 0 	 55
3.848750e+05 	 7.517812e+06 	 6.964058e+02 	 0 	 0 	 56
3.849750e+05 	 7.517812e+06 	 6.985309e+02 	 0 	 0 	 57
3.850750e+05 	 7.517812e+06 	 7.006006e+02 	 0 	 0 	 58
3.851750e+05 	 7.517812e+06 	 7.026119e+02 	 0 	 0 	 59
3.852750e+05 	 7.517812e+06 	 7.045606e+02 	 0 	 0 	 60
3.853750e+05 	 7.517812e+06 	 7.064409e+02 	 0 	 0 	 61
3.854750e+05 	 7.517812e+06 	 7.082516e+02 	 0 	 0 	 62
3.855750e+05 	 7.517812e+06 	 7.099988e+02 	 0 	 0 	 63
3.856750e+05 	 7.517812e+06 	 7.116985e+02 	 0 	 0 	 64
3.857750e+05 	 7.517812e+06 	 7.133732e+02 	 0 	 0 	 65
3.858750e+05 	 7.517812e+06 	 7.150334e+02 	 0 	 0 	 66
3.859750e+05 	 7.517812e+06 	 7.166837e+02 	 0 	 0 	 67
3.860750e+05 	 7.517812e+06 	 7.183309e+02 	 0 	 0 	 68
3.861750e+05 	 7.517812e+06 	 7.199973e+02 	 0 	 0 	 69
3.862750e+05 	 7.517812e+06 	 7.217142e+02 	 0 	 0 	 70
3.863750e+05 	 7.517812e+06 	 7.234828e+02 	 0 	 0 	 71
3.864750e+05 	 7.517812e+06 	 7.252931e+02 	 0 	 0 	 72
3.865750e+05 	 7.517812e+06 	 7.271270e+02 	 0 	 0 	 73
3.866750e+05 	 7.517812e+06 	 7.289622e+02 	 0 	 0 	 74
3.867750e+05 	 7.517812e+06 	 7.307783e+02 	 0 	 0 	 75
3.868750e+05 	 7.517812e+06 	 7.325723e+02 	 0 	 0 	 76
3.869750e+05 	 7.517812e+06 	 7.343616e+02 	 0 	 0 	 77
3.870750e+05 	 7.517812e+06 	 7.361691e+02 	 0 	 0 	 78
3.871750e+05 	 7.517812e+06 	 7.380119e+02 	 0 	 0 	 79
3.872750e+05 	 7.517812e+06 	 7.399113e+02 	 0 	 0 	 80
3.873750e+05 	 7.517812e+06 	 7.418719e+02 	 0 	 0 	 81
3.874750e+05 	 7.517812e+06 	 7.438747e+02 	 0 	 0 	 82
3.875750e+05 	 7.517812e+06 	 7.459008e+02 	 0 	 0 	 83
3.876750e+05 	 7.517812e+06 	 7.479377e+02 	 0 	 0 	 84
3.877750e+05 	 7.517812e+06 	 7.499684e+02 	 0 	 0 	 85
3.878750e+05 	 7.517812e+06 	 7.519881e+02 	 0 	 0 	 86
3.879750e+05 	 7.517812e+06 	 7.539994e+02 	 0 	 0 	 87
3.880750e+05 	 7.517812e+06 	 7.560081e+02 	 0 	 0 	 88
3.881750e+05 	 7.517812e+06 	 7.580332e+02 	 0 	 0 	 89
3.882750e+05 	 7.517812e+06 	 7.601057e+02 	 0 	 0 	 90
3.883750e+05 	 7.517812e+06 	 7.622043e+02 	 0 	 0 	 91
3.884750e+05 	 7.517812e+06 	 7.643110e+02 	 0 	 0 	 92
3.885750e+05 	 7.517812e+06 	 7.664232e+02 	 0 	 0 	 93
3.886750e+05 	 7.517812e+06 	 7.685432e+02 	 0 	 0 	 94
3.887750e+05 	 7.517812e+06 	 7.706697e+02 	 0 	 0 	 95
3.888750e+05 	 7.517812e+06 	 7.727899e+02 	 0 	 0 	 96
3.889750e+05 	 7.517812e+06 	 7.748868e+02 	 0 	 0 	 97
3.890750e+05 	 7.517812e+06 	 7.769431e+02 	 0 	 0 	 98
3.891750e+05 	 7.517812e+06 	 7.789465e+02 	 0 	 0 	 99
3.892750e+05 	 7.517812e+06 	 7.808927e+02 	 0 	 0 	 100
3.893750e+05 	 7.517812e+06 	 7.827913e+02 	 0 	 0 	 101
3.894750e+05 	 7.517812e+06 	 7.846609e+02 	 0 	 0 	 102
3.910750e+05 	 7.517812e+06 	 8.156934e+02 	 0 	 0 	 103
3.911750e+05 	 7.517812e+06 	 8.179990e+02 	 0 	 0 	 104
3.912750e+05 	 7.517812e+06 	 8.203931e+02 	 0 	 0 	 105
3.913750e+05 	 7.517812e+06 	 8.228476e+02 	 0 	 0 	 106
3.914750e+05 	 7.517812e+06 	 8.253196e+02 	 0 	 0 	 107
3.915750e+05 	 7.517812e+06 	 8.277612e+02 	 0 	 0 	 108
3.916750e+05 	 7.517812e+06 	 8.301295e+02 	 0 	 0 	 109
3.917750e+05 	 7.517812e+06 	 8.323889e+02 	 0 	 0 	 110
3.918750e+05 	 7.517812e+06 	 8.345317e+02 	 0 	 0 	 111
3.919750e+05 	 7.517812e+06 	 8.365620e+02 	 0 	 0 	 112
3.920750e+05 	 7.517812e+06 	 8.384865e+02 	 0 	 0 	 113
3.921750e+05 	 7.517812e+06 	 8.403235e+02 	 0 	 0 	 114
3.922750e+05 	 7.517812e+06 	 8.420964e+02 	 0 	 0 	 115
3.923750e+05 	 7.517812e+06 	 8.438265e+02 	 0 	 0 	 116
3.924750e+05 	 7.517812e+06 	 8.455352e+02 	 0 	 0 	 117
3.925750e+05 	 7.517812e+06 	 8.472394e+02 	 0 	 0 	 118
3.926750e+05 	 7.517812e+06 	 8.489582e+02 	 0 	 0 	 119
3.927750e+05 	 7.517812e+06 	 8.507159e+02 	 0 	 0 	 120
3.928750e+05 	 7.517812e+06 	 8.525111e+02 	 0 	 0 	 121
3.929750e+05 	 7.517812e+06 	 8.543272e+02 	 0 	 0 	 122
3.930750e+05 	 7.517812e+06 	 8.561497e+02 	 0 	 0 	 123
3.931750e+05 	 7.517812e+06 	 8.579811e+02 	 0 	 0 	 124
3.932750e+05 	 7.517812e+06 	 8.598273e+02 	 0 	 0 	 125
3.933750e+05 	 7.517812e+06 	 8.617073e+02 	 0 	 0 	 126
3.934750e+05 	 7.517812e+06 	 8.636301e+02 	 0 	 0 	 127
3.935750e+05 	 7.517812e+06 	 8.655897e+02 	 0 	 0 	 128
3.936750e+05 	 7.517812e+06 	 8.675687e+02 	 0 	 0 	 129
3.937750e+05 	 7.517812e+06 	 8.695439e+02 	 0 	 0 	 130
3.938750e+05 	 7.517812e+06 	 8.715190e+02 	 0 	 0 	 131
3.939750e+05 	 7.517812e+06 	 8.735177e+02 	 0 	 0 	 132
3.940750e+05 	 7.517812e+06 	 8.755607e+02 	 0 	 0 	 133
3.941750e+05 	 7.517812e+06 	 8.776233e+02 	 0 	 0 	 134
3.942750e+05 	 7.517812e+06 	 8.796540e+02 	 0 	 0 	 135
3.943750e+05 	 7.517812e+06 	 8.816132e+02 	 0 	 0 	 136
3.944750e+05 	 7.517812e+06 	 8.835133e+02 	 0 	 0 	 137
3.945750e+05 	 7.517812e+06 	 8.853815e+02 	 0 	 0 	 138
3.946750e+05 	 7.517812e+06 	 8.872297e+02 	 0 	 0 	 139
3.947750e+05 	 7.517812e+06 	 8.890778e+02 	 0 	 0 	 140
3.948750e+05 	 7.517812e+06 	 8.909649e+02 	 0 	 0 	 141
3.949750e+05 	 7.517812e+06 	 8.929558e+02 	 0 	 0 	 142
3.950750e+05 	 7.517812e+06 	 8.951146e+02 	 0 	 0 	 143
3.951750e+05 	 7.517812e+06 	 8.973911e+02 	 0 	 0 	 144
3.952750e+05 	 7.517812e+06 	 8.997011e+02 	 0 	 0 	 145
3.953750e+05 	 7.517812e+06 	 9.020172e+02 	 0 	 0 	 146
3.954750e+05 	 7.517812e+06 	 9.043315e+02 	 0 	 0 	 147
3.955750e+05 	 7.517812e+06 	 9.066261e+02 	 0 	 0 	 148
3.956750e+05 	 7.517812e+06 	 9.088469e+02 	 0 	 0 	 149
3.957750e+05 	 7.517812e+06 	 9.109221e+02 	 0 	 0 	 150
3.958750e+05 	 7.517812e+06 	 9.128735e+02 	 0 	 0 	 151
3.959750e+05 	 7.517812e+06 	 9.147710e+02 	 0 	 0 	 152
3.960750e+05 	 7.517812e+06 	 9.166841e+02 	 0 	 0 	 153
3.961750e+05 	 7.517812e+06 	 9.186418e+02 	 0 	 0 	 154
3.962750e+05 	 7.517812e+06 	 9.206334e+02 	 0 	 0 	 155
3.963750e+05 	 7.517812e+06 	 9.226562e+02 	 0 	 0 	 156
3.964750e+05 	 7.517812e+06 	 9.247019e+02 	 0 	 0 	 157
3.965750e+05 	 7.517812e+06 	 9.267472e+02 	 0 	 0 	 158
3.966750e+05 	 7.517812e+06 	 9.287689e+02 	 0 	 0 	 159
3.967750e+05 	 7.517812e+06 	 9.307494e+02 	 0 	 0 	 160
3.968750e+05 	 7.517812e+06 	 9.326710e+02 	 0 	 0 	 161
3.969750e+05 	 7.517812e+06 	 9.345131e+02 	 0 	 0 	 162
3.970750e+05 	 7.517812e+06 	 9.362611e+02 	 0 	 0 	 163
3.971750e+05 	 7.517812e+06 	 9.379529e+02 	 0 	 0 	 164
3.972750e+05 	 7.517812e+06 	 9.396431e+02 	 0 	 0 	 165
3.973750e+05 	 7.517812e+06 	 9.413685e+02 	 0 	 0 	 166
3.974750e+05 	 7.517812e+06 	 9.431467e+02 	 0 	 0 	 167
3.975750e+05 	 7.517812e+06 	 9.449858e+02 	 0 	 0 	 168
3.976750e+05 	 7.517812e+06 	 9.468943e+02 	 0 	 0 	 169
3.977750e+05 	 7.517812e+06 	 9.488764e+02 	 0 	 0 	 170
3.978750e+05 	 7.517812e+06 	 9.509110e+02 	 0 	 0 	 171
3.979750e+05 	 7.517812e+06 	 9.529580e+02 	 0 	 0 	 172
3.980750e+05 	 7.517812e+06 	 9.549774e+02 	 0 	 0 	 173
3.981750e+05 	 7.517812e+06 	 9.569574e+02 	 0 	 0 	 174
3.982750e+05 	 7.517812e+06 	 9.589001e+02 	 0 	 0 	 175
3.983750e+05 	 7.517812e+06 	 9.608365e+02 	 0 	 0 	 176
3.984750e+05 	 7.517812e+06 	 9.628044e+02 	 0 	 0 	 177
3.985750e+05 	 7.517812e+06 	 9.648386e+02 	 0 	 0 	 178
3.986750e+05 	 7.517812e+06 	 9.669716e+02 	 0 	 0 	 179
3.987750e+05 	 7.517812e+06 	 9.692327e+02 	 0 	 0 	 180
3.988750e+05 	 7.517812e+06 	 9.716115e+02 	 0 	 0 	 181
3.989750e+05 	 7.517812e+06 	 9.740781e+02 	 0 	 0 	 182
3.990750e+05 	 7.517812e+06 	 9.765936e+02 	 0 	 0 	 183
3.991750e+05 	 7.517812e+06 	 9.791309e+02 	 0 	 0 	 184
3.992750e+05 	 7.517812e+06 	 9.816685e+02 	 0 	 0 	 185
3.993750e+05 	 7.517812e+06 	 9.841948e+02 	 0 	 0 	 186
3.994750e+05 	 7.517812e+06 	 9.867313e+02 	 0 	 0 	 187
3.995750e+05 	 7.517812e+06 	 9.893140e+02 	 0 	 0 	 188
3.996750e+05 	 7.517812e+06 	 9.919668e+02 	 0 	 0 	 189
3.997750e+05 	 7.517812e+06 	 9.947056e+02 	 0 	 0 	 190
3.998750e+05 	 7.517812e+06 	 9.975245e+02 	 0 	 0 	 191
3.999750e+05 	 7.517812e+06 	 1.000389e+03 	 0 	 0 	 192
4.000750e+05 	 7.517812e+06 	 1.003258e+03 	 0 	 0 	 193
4.001750e+05 	 7.517812e+06 	 1.006100e+03 	 0 	 0 	 194
4.002750e+05 	 7.517812e+06 	 1.008867e+03 	 0 	 0 	 195
4.003750e+05 	 7.517812e+06 	 1.011553e+03 	 0 	 0 	 196
4.004750e+05 	 7.517812e+06 	 1.014188e+03 	 0 	 0 	 197
4.005750e+05 	 7.517812e+06 	 1.016817e+03 	 0 	 0 	 198
4.006750e+05 	 7.517812e+06 	 1.019516e+03 	 0 	 0 	 199
4.007750e+05 	 7.517812e+06 	 1.022382e+03 	 0 	 0 	 200
4.008750e+05 	 7.517812e+06 	 1.025382e+03 	 0 	 0 	 201
4.009750e+05 	 7.517812e+06 	 1.028457e+03 	 0 	 0 	 202
4.010750e+05 	 7.517812e+06 	 1.031567e+03 	 0 	 0 	 203
4.011750e+05 	 7.517812e+06 	 1.034690e+03 	 0 	 0 	 204
3.793750e+05 	 7.516812e+06 	 6.239091e+02 	 0 	 0 	 205
3.794750e+05 	 7.516812e+06 	 6.251858e+02 	 0 	 0 	 206
3.795750e+05 	 7.516812e+06 	 6.264680e+02 	 0 	 0 	 207
3.796750e+05 	 7.516812e+06 	 6.277447e+02 	 0 	 0 	 208
3.797750e+05 	 7.516812e+06 	 6.289972e+02 	 0 	 0 	 209
3.798750e+05 	 7.516812e+06 	 6.302161e+02 	 0 	 0 	 210
3.799750e+05 	 7.516812e+06 	 6.314238e+02 	 0 	 0 	 211
3.800750e+05 	 7.516812e+06 	 6.326597e+02 	 0 	 0 	 212
3.801750e+05 	 7.516812e+06 	 6.339612e+02 	 0 	 0 	 213
3.802750e+05 	 7.516812e+06 	 6.353610e+02 	 0 	 0 	 214
3.803750e+05 	 7.516812e+06 	 6.368926e+02 	 0 	 0 	 215
3.804750e+05 	 7.516812e+06 	 6.385840e+02 	 0 	 0 	 216
3.805750e+05 	 7.516812e+06 	 6.404560e+02 	 0 	 0 	 217
3.806750e+05 	 7.516812e+06 	 6.425053e+02 	 0 	 0 	 218
3.807750e+05 	 7.516812e+06 	 6.447024e+02 	 0 	 0 	 219
3.808750e+05 	 7.516812e+06 	 6.470059e+02 	 0 	 0 	 220
3.809750e+05 	 7.516812e+06 	 6.493846e+02 	 0 	 0 	 221
3.810750e+05 	 7.516812e+06 	 6.518137e+02 	 0 	 0 	 222
3.811750e+05 	 7.516812e+06 	 6.542601e+02 	 0 	 0 	 223
3.812750e+05 	 7.516812e+06 	 6.566883e+02 	 0 	 0 	 224
3.813750e+05 	 7.516812e+06 	 6.590861e+02 	 0 	 0 	 225
3.814750e+05 	 7.516812e+06 	 6.614517e+02 	 0 	 0 	 226
3.815750e+05 	 7.516812e+06 	 6.637859e+02 	 0 	 0 	 227
3.816750e+05 	 7.516812e+06 	 6.660878e+02 	 0 	 0 	 228
3.817750e+05 	 7.516812e+06 	 6.683633e+02 	 0 	 0 	 229
3.818750e+05 	 7.516812e+06 	 6.706212e+02 	 0 	 0 	 230
3.819750e+05 	 7.516812e+06 	 6.728390e+02 	 0 	 0 	 231
3.820750e+05 	 7.516812e+06 	 6.749822e+02 	 0 	 0 	 232
3.821750e+05 	 7.516812e+06 	 6.770325e+02 	 0 	 0 	 233
3.822750e+05 	 7.516812e+06 	 6.789836e+02 	 0 	 0 	 234
3.823750e+05 	 7.516812e+06 	 6.808430e+02 	 0 	 0 	 235
3.824750e+05 	 7.516812e+06 	 6.826142e+02 	 0 	 0 	 236
3.825750e+05 	 7.516812e+06 	 6.842875e+02 	 0 	 0 	 237
3.826750e+05 	 7.516812e+06 	 6.858347e+02 	 0 	 0 	 238
3.827750e+05 	 7.516812e+06 	 6.872079e+02 	 0 	 0 	 239
3.828750e+05 	 7.516812e+06 	 6.883964e+02 	 0 	 0 	 240
3.829750e+05 	 7.516812e+06 	 6.894396e+02 	 0 	 0 	 241
3.830750e+05 	 7.516812e+06 	 6.903959e+02 	 0 	 0 	 242
3.831750e+05 	 7.516812e+06 	 6.913611e+02 	 0 	 0 	 243
3.832750e+05 	 7.516812e+06 	 6.924534e+02 	 0 	 0 	 244
3.833750e+05 	 7.516812e+06 	 6.936713e+02 	 0 	 0 	 245
3.834750e+05 	 7.516812e+06 	 6.949781e+02 	 0 	 0 	 246
3.835750e+05 	 7.516812e+06 	 6.963500e+02 	 0 	 0 	 247
3.836750e+05 	 7.516812e+06 	 6.977781e+02 	 0 	 0 	 248
3.837750e+05 	 7.516812e+06 	 6.992515e+02 	 0 	 0 	 249
3.838750e+05 	 7.516812e+06 	 7.007630e+02 	 0 	 0 	 250
3.839750e+05 	 7.516812e+06 	 7.023044e+02 	 0 	 0 	 251
3.840750e+05 	 7.516812e+06 	 7.038640e+02 	 0 	 0 	 252
3.841750e+05 	 7.516812e+06 	 7.054388e+02 	 0 	 0 	 253
3.842750e+05 	 7.516812e+06 	 7.070229e+02 	 0 	 0 	 254
3.843750e+05 	 7.516812e+06 	 7.086174e+02 	 0 	 0 	 255
3.844750e+05 	 7.516812e+06 	 7.102638e+02 	 0 	 0 	 256
3.845750e+05 	 7.516812e+06 	 7.119950e+02 	 0 	 0 	 257
3.846750e+05 	 7.516812e+06 	 7.138196e+02 	 0 	 0 	 258
3.847750e+05 	 7.516812e+06 	 7.157399e+02 	 0 	 0 	 259
3.848750e+05 	 7.516812e+06 	 7.177482e+02 	 0 	 0 	 260
3.849750e+05 	 7.516812e+06 	 7.198185e+02 	 0 	 0 	 261
3.850750e+05 	 7.516812e+06 	 7.219245e+02 	 0 	 0 	 262
3.851750e+05 	 7.516812e+06 	 7.240403e+02 	 0 	 0 	 263
3.852750e+05 	 7.516812e+06 	 7.261320e+02 	 0 	 0 	 264
3.853750e+05 	 7.516812e+06 	 7.281857e+02 	 0 	 0 	 265
3.854750e+05 	 7.516812e+06 	 7.302087e+02 	 0 	 0 	 266
3.855750e+05 	 7.516812e+06 	 7.322084e+02 	 0 	 0 	 267
3.856750e+05 	 7.516812e+06 	 7.342031e+02 	 0 	 0 	 268
3.857750e+05 	 7.516812e+06 	 7.362225e+02 	 0 	 0 	 269
3.858750e+05 	 7.516812e+06 	 7.382643e+02 	 0 	 0 	 270
3.859750e+05 	 7.516812e+06 	 7.403052e+02 	 0 	 0 	 271
3.860750e+05 	 7.516812e+06 	 7.423058e+02 	 0 	 0 	 272
3.861750e+05 	 7.516812e+06 	 7.441984e+02 	 0 	 0 	 273
3.862750e+05 	 7.516812e+06 	 7.458942e+02 	 0 	 0 	 274
3.863750e+05 	 7.516812e+06 	 7.474243e+02 	 0 	 0 	 275
3.864750e+05 	 7.516812e+06 	 7.488823e+02 	 0 	 0 	 276
3.865750e+05 	 7.516812e+06 	 7.503889e+02 	 0 	 0 	 277
3.866750e+05 	 7.516812e+06 	 7.520228e+02 	 0 	 0 	 278
3.867750e+05 	 7.516812e+06 	 7.538189e+02 	 0 	 0 	 279
3.868750e+05 	 7.516812e+06 	 7.557469e+02 	 0 	 0 	 280
3.869750e+05 	 7.516812e+06 	 7.577465e+02 	 0 	 0 	 281
3.870750e+05 	 7.516812e+06 	 7.597751e+02 	 0 	 0 	 282
3.871750e+05 	 7.516812e+06 	 7.618130e+02 	 0 	 0 	 283
3.872750e+05 	 7.516812e+06 	 7.638483e+02 	 0 	 0 	 284
3.873750e+05 	 7.516812e+06 	 7.658710e+02 	 0 	 0 	 285
3.874750e+05 	 7.516812e+06 	 7.678712e+02 	 0 	 0 	 286
3.875750e+05 	 7.516812e+06 	 7.698499e+02 	 0 	 0 	 287
3.876750e+05 	 7.516812e+06 	 7.717921e+02 	 0 	 0 	 288
3.877750e+05 	 7.516812e+06 	 7.736486e+02 	 0 	 0 	 289
3.878750e+05 	 7.516812e+06 	 7.754144e+02 	 0 	 0 	 290
3.879750e+05 	 7.516812e+06 	 7.771219e+02 	 0 	 0 	 291
3.880750e+05 	 7.516812e+06 	 7.787976e+02 	 0 	 0 	 292
3.881750e+05 	 7.516812e+06 	 7.804737e+02 	 0 	 0 	 293
3.882750e+05 	 7.516812e+06 	 7.821982e+02 	 0 	 0 	 294
3.883750e+05 	 7.516812e+06 	 7.839774e+02 	 0 	 0 	 295
3.884750e+05 	 7.516812e+06 	 7.857990e+02 	 0 	 0 	 296
3.885750e+05 	 7.516812e+06 	 7.876470e+02 	 0 	 0 	 297
3.886750e+05 	 7.516812e+06 	 7.894969e+02 	 0 	 0 	 298
3.887750e+05 	 7.516812e+06 	 7.913199e+02 	 0 	 0 	 299
3.888750e+05 	 7.516812e+06 	 7.931154e+02 	 0 	 0 	 300
3.889750e+05 	 7.516812e+06 	 7.948918e+02 	 0 	 0 	 301
3.890750e+05 	 7.516812e+06 	 7.966550e+02 	 0 	 0 	 302
3.891750e+05 	 7.516812e+06 	 7.984055e+02 	 0 	 0 	 303
3.892750e+05 	 7.516812e+06 	 8.001455e+02 	 0 	 0 	 304
3.893750e+05 	 7.516812e+06 	 8.018839e+02 	 0 	 0 	 305
3.894750e+05 	 7.516812e+06 	 8.036192e+02 	 0 	 0 	 306
3.910750e+05 	 7.516812e+06 	 8.354294e+02 	 0 	 0 	 307
3.911750e+05 	 7.516812e+06 	 8.379124e+02 	 0 	 0 	 308
3.912750e+05 	 7.516812e+06 	 8.402698e+02 	 0 	 0 	 309
3.913750e+05 	 7.516812e+06 	 8.424930e+02 	 0 	 0 	 310
3.914750e+05 	 7.516812e+06 	 8.446088e+02 	 0 	 0 	 311
3.915750e+05 	 7.516812e+06 	 8.466543e+02 	 0 	 0 	 312
3.916750e+05 	 7.516812e+06 	 8.486511e+02 	 0 	 0 	 313
3.917750e+05 	 7.516812e+06 	 8.506125e+02 	 0 	 0 	 314
3.918750e+05 	 7.516812e+06 	 8.525463e+02 	 0 	 0 	 315
3.919750e+05 	 7.516812e+06 	 8.544437e+02 	 0 	 0 	 316
3.920750e+05 	 7.516812e+06 	 8.562930e+02 	 0 	 0 	 317
3.921750e+05 	 7.516812e+06 	 8.580991e+02 	 0 	 0 	 318
3.922750e+05 	 7.516812e+06 	 8.598720e+02 	 0 	 0 	 319
3.923750e+05 	 7.516812e+06 	 8.616242e+02 	 0 	 0 	 320
3.924750e+05 	 7.516812e+06 	 8.633723e+02 	 0 	 0 	 321
3.925750e+05 	 7.516812e+06 	 8.651271e+02 	 0 	 0 	 322
3.926750e+05 	 7.516812e+06 	 8.668876e+02 	 0 	 0 	 323
3.927750e+05 	 7.516812e+06 	 8.686548e+02 	 0 	 0 	 324
3.928750e+05 	 7.516812e+06 	 8.704326e+02 	 0 	 0 	 325
3.929750e+05 	 7.516812e+06 	 8.722325e+02 	 0 	 0 	 326
3.930750e+05 	 7.516812e+06 	 8.740798e+02 	 0 	 0 	 327
3.931750e+05 	 7.516812e+06 	 8.760142e+02 	 0 	 0 	 328
3.932750e+05 	 7.516812e+06 	 8.780760e+02 	 0 	 0 	 329
3.933750e+05 	 7.516812e+06 	 8.802445e+02 	 0 	 0 	 330
3.934750e+05 	 7.516812e+06 	 8.824872e+02 	 0 	 0 	 331
3.935750e+05 	 7.516812e+06 	 8.847778e+02 	 0 	 0 	 332
3.936750e+05 	 7.516812e+06 	 8.870898e+02 	 0 	 0 	 333
3.937750e+05 	 7.516812e+06 	 8.893973e+02 	 0 	 0 	 334
3.938750e+05 	 7.516812e+06 	 8.916806e+02 	 0 	 0 	 335
3.939750e+05 	 7.516812e+06 	 8.939214e+02 	 0 	 0 	 336
3.940750e+05 	 7.516812e+06 	 8.960981e+02 	 0 	 0 	 337
3.941750e+05 	 7.516812e+06 	 8.981866e+02 	 0 	 0 	 338
3.942750e+05 	 7.516812e+06 	 9.001807e+02 	 0 	 0 	 339
3.943750e+05 	 7.516812e+06 	 9.021111e+02 	 0 	 0 	 340
3.944750e+05 	 7.516812e+06 	 9.039763e+02 	 0 	 0 	 341
3.945750e+05 	 7.516812e+06 	 9.057562e+02 	 0 	 0 	 342
3.946750e+05 	 7.516812e+06 	 9.074434e+02 	 0 	 0 	 343
3.947750e+05 	 7.516812e+06 	 9.090537e+02 	 0 	 0 	 344
3.948750e+05 	 7.516812e+06 	 9.106440e+02 	 0 	 0 	 345
3.949750e+05 	 7.516812e+06 	 9.122914e+02 	 0 	 0 	 346
3.950750e+05 	 7.516812e+06 	 9.140468e+02 	 0 	 0 	 347
3.951750e+05 	 7.516812e+06 	 9.158970e+02 	 0 	 0 	 348
3.952750e+05 	 7.516812e+06 	 9.178110e+02 	 0 	 0 	 349
3.953750e+05 	 7.516812e+06 	 9.197551e+02 	 0 	 0 	 350
3.954750e+05 	 7.516812e+06 	 9.217047e+02 	 0 	 0 	 351
3.955750e+05 	 7.516812e+06 	 9.236439e+02 	 0 	 0 	 352
3.956750e+05 	 7.516812e+06 	 9.255834e+02 	 0 	 0 	 353
3.957750e+05 	 7.516812e+06 	 9.275507e+02 	 0 	 0 	 354
3.958750e+05 	 7.516812e+06 	 9.295464e+02 	 0 	 0 	 355
3.959750e+05 	 7.516812e+06 	 9.315706e+02 	 0 	 0 	 356
3.960750e+05 	 7.516812e+06 	 9.336270e+02 	 0 	 0 	 357
3.961750e+05 	 7.516812e+06 	 9.357090e+02 	 0 	 0 	 358
3.962750e+05 	 7.516812e+06 	 9.377914e+02 	 0 	 0 	 359
3.963750e+05 	 7.516812e+06 	 9.398713e+02 	 0 	 0 	 360
3.964750e+05 	 7.516812e+06 	 9.419542e+02 	 0 	 0 	 361
3.965750e+05 	 7.516812e+06 	 9.440472e+02 	 0 	 0 	 362
3.966750e+05 	 7.516812e+06 	 9.461542e+02 	 0 	 0 	 363
3.967750e+05 	 7.516812e+06 	 9.482831e+02 	 0 	 0 	 364
3.968750e+05 	 7.516812e+06 	 9.504351e+02 	 0 	 0 	 365
3.969750e+05 	 7.516812e+06 	 9.525857e+02 	 0 	 0 	 366
3.970750e+05 	 7.516812e+06 	 9.547042e+02 	 0 	 0 	 367
3.971750e+05 	 7.516812e+06 	 9.567934e+02 	 0 	 0 	 368
3.972750e+05 	 7.516812e+06 	 9.588621e+02 	 0 	 0 	 369
3.973750e+05 	 7.516812e+06 	 9.609233e+02 	 0 	 0 	 370
3.974750e+05 	 7.516812e+06 	 9.629972e+02 	 0 	 0 	 371
3.975750e+05 	 7.516812e+06 	 9.650906e+02 	 0 	 0 	 372
3.976750e+05 	 7.516812e+06 	 9.671995e+02 	 0 	 0 	 373
3.977750e+05 	 7.516812e+06 	 9.693260e+02 	 0 	 0 	 374
3.978750e+05 	 7.516812e+06 	 9.714534e+02 	 0 	 0 	 375
3.979750e+05 	 7.516812e+06 	 9.735564e+02 	 0 	 0 	 376
3.980750e+05 	 7.516812e+06 	 9.756207e+02 	 0 	 0 	 377
3.981750e+05 	 7.516812e+06 	 9.776526e+02 	 0 	 0 	 378
3.982750e+05 	 7.516812e+06 	 9.796621e+02 	 0 	 0 	 379
3.983750e+05 	 7.516812e+06 	 9.816743e+02 	 0 	 0 	 380
3.984750e+05 	 7.516812e+06 	 9.837108e+02 	 0 	 0 	 381
3.985750e+05 	 7.516812e+06 	 9.857814e+02 	 0 	 0 	 382
3.986750e+05 	 7.516812e+06 	 9.878840e+02 	 0 	 0 	 383
3.987750e+05 	 7.516812e+06 	 9.900109e+02 	 0 	 0 	 384
3.988750e+05 	 7.516812e+06 	 9.921537e+02 	 0 	 0 	 385
3.989750e+05 	 7.516812e+06 	 9.943021e+02 	 0 	 0 	 386
3.990750e+05 	 7.516812e+06 	 9.964457e+02 	 0 	 0 	 387
3.991750e+05 	 7.516812e+06 	 9.985900e+02 	 0 	 0 	 388
3.992750e+05 	 7.516812e+06 	 1.000750e+03 	 0 	 0 	 389
3.993750e+05 	 7.516812e+06 	 1.002941e+03 	 0 	 0 	 390
3.994750e+05 	 7.516812e+06 	 1.005182e+03 	 0 	 0 	 391
3.995750e+05 	 7.516812e+06 	 1.007502e+03 	 0 	 0 	 392
3.996750e+05 	 7.516812e+06 	 1.009919e+03 	 0 	 0 	 393
3.997750e+05 	 7.516812e+06 	 1.012446e+03 	 0 	 0 	 394
3.998750e+05 	 7.516812e+06 	 1.015073e+03 	 0 	 0 	 395
3.999750e+05 	 7.516812e+06 	 1.017776e+03 	 0 	 0 	 396
4.000750e+05 	 7.516812e+06 	 1.020539e+03 	 0 	 0 	 397
4.001750e+05 	 7.516812e+06 	 1.023367e+03 	 0 	 0 	 398
4.002750e+05 	 7.516812e+06 	 1.026286e+03 	 0 	 0 	 399
4.003750e+05 	 7.516812e+06 	 1.029306e+03 	 0 	 0 	 400
4.004750e+05 	 7.516812e+06 	 1.032411e+03 	 0 	 0 	 401
4.005750e+05 	 7.516812e+06 	 1.035566e+03 	 0 	 0 	 402
4.006750e+05 	 7.516812e+06 	 1.038691e+03 	 0 	 0 	 403
4.007750e+05 	 7.516812e+06 	 1.041677e+03 	 0 	 0 	 404
4.008750e+05 	 7.516812e+06 	 1.044564e+03 	 0 	 0 	 405
4.009750e+05 	 7.516812e+06 	 1.047429e+03 	 0 	 0 	 406
4.010750e+05 	 7.516812e+06 	 1.050328e+03 	 0 	 0 	 407
4.011750e+05 	 7.516812e+06 	 1.053359e+03 	 0 	 0 	 408
